0.42261826291555904,0.906307786488804
0.8452365258311181,1.812615572977608
1.2678547887466771,2.718923359466412
1.6904730516622362,3.625231145955216
2.113091314577795,4.53153893244402
2.5357095774933542,5.437846718932824
2.9583278404089133,6.344154505421628
3.3809461033244723,7.250462291910432
3.8035643662400314,8.156770078399235
4.22618262915559,9.06307786488804
4.648800892071149,9.969385651376845
5.0714191549867085,10.87569343786565
5.494037417902268,11.782001224354454
5.9166556808178274,12.688309010843259
6.339273943733387,13.594616797332064
6.761892206648946,14.500924583820868
6.761892208443843,15.500924583820868
6.76189221023874,16.50092458382087
6.761892212033636,17.50092458382087
6.761892213828533,18.50092458382087
6.76189221562343,19.50092458382087
6.7618922174183265,20.50092458382087
6.761892219213223,21.50092458382087
6.76189222100812,22.50092458382087
6.339273961346018,23.407232371826783
5.916655701683917,24.313540159832698
5.494037442021815,25.219847947838613
5.071419182359714,26.126155735844527
4.305374741035438,26.76894334766991
3.539330299711162,27.411730959495294
2.5734044742737754,27.670550007776335
,
2.5734044742737754,27.670550007776335
,
2.5734044742737754,27.670550007776335
1.6074786488363886,27.929369056057375
0.8414342075121131,28.57215666788276
,
1.6074786488363886,27.929369056057375
,
3.539330299711162,27.411730959495294
2.7732858583868865,28.054518571320678
,
2.7732858583868865,28.054518571320678
,
2.7732858583868865,28.054518571320678
2.0072414170626107,28.69730618314606
1.584623157400509,29.603613971151976
,
2.0072414170626107,28.69730618314606
,
3.539330299711162,27.411730959495294
2.7732858583868865,28.054518571320678
2.0072414170626107,28.69730618314606
1.584623157400509,29.603613971151976
1.1620048977384072,30.50992175915789
0.7393866380763054,31.416229547163805
,
0.7393866380763054,31.416229547163805
,
0.7393866380763054,31.416229547163805
0.31676837841420374,32.32253733516972
0.31676838020910025,33.32253733516972
,
0.31676837841420374,32.32253733516972
,
2.0072414170626107,28.69730618314606
1.041315591625224,28.9561252314271
,
1.041315591625224,28.9561252314271
,
1.041315591625224,28.9561252314271
0.07538976618783699,29.214944279708142
-0.6906546751364385,29.857731891533525
,
0.07538976618783699,29.214944279708142
,
5.071419182359714,26.126155735844527
4.648800922697612,27.032463523850442
4.226182663035511,27.938771311856357
3.460138221711235,28.58155892368174
,
3.460138221711235,28.58155892368174
,
3.460138221711235,28.58155892368174
2.694093780386959,29.224346535507124
2.2714755207248576,30.13065432351304
,
2.694093780386959,29.224346535507124
,
4.226182663035511,27.938771311856357
3.803564403373409,28.84507909986227
,
3.803564403373409,28.84507909986227
,
3.803564403373409,28.84507909986227
3.3809461437113075,29.751386887868186
3.380946145506204,30.751386887868186
,
3.3809461437113075,29.751386887868186
,
4.226182663035511,27.938771311856357
3.803564403373409,28.84507909986227
3.3809461437113075,29.751386887868186
3.380946145506204,30.751386887868186
3.380946147301101,31.751386887868186
3.3809461490959976,32.751386887868186
,
3.3809461490959976,32.751386887868186
,
3.3809461490959976,32.751386887868186
3.3809461508908942,33.751386887868186
3.8035644138064533,34.65769467435699
,
3.3809461508908942,33.751386887868186
,
3.3809461437113075,29.751386887868186
2.614901702387032,30.39417449969357
,
2.614901702387032,30.39417449969357
,
2.614901702387032,30.39417449969357
1.8488572610627563,31.036962111518953
1.4262390014006545,31.943269899524868
,
1.8488572610627563,31.036962111518953
,
5.071419182359714,26.126155735844527
4.648800922697612,27.032463523850442
4.226182663035511,27.938771311856357
3.803564403373409,28.84507909986227
3.3809461437113075,29.751386887868186
3.380946145506204,30.751386887868186
3.380946147301101,31.751386887868186
3.3809461490959976,32.751386887868186
3.3809461508908942,33.751386887868186
3.380946152685791,34.751386887868186
3.3809461544806876,35.751386887868186
2.958327894818586,36.657694675874104
,
2.958327894818586,36.657694675874104
,
2.958327894818586,36.657694675874104
2.5357096351564845,37.56400246388002
2.535709636951381,38.56400246388002
,
2.5357096351564845,37.56400246388002
,
3.3809461544806876,35.751386887868186
3.3809461562755843,36.751386887868186
,
3.3809461562755843,36.751386887868186
,
3.3809461562755843,36.751386887868186
3.380946158070481,37.751386887868186
3.80356442098604,38.65769467435699
,
3.380946158070481,37.751386887868186
,
3.3809461544806876,35.751386887868186
3.3809461562755843,36.751386887868186
3.380946158070481,37.751386887868186
3.80356442098604,38.65769467435699
4.226182683901599,39.56400246084579
4.648800946817158,40.470310247334595
,
4.648800946817158,40.470310247334595
,
4.648800946817158,40.470310247334595
5.071419209732717,41.3766180338234
5.837463653364467,42.01940564289884
,
5.071419209732717,41.3766180338234
,
3.380946158070481,37.751386887868186
2.9583278984083794,38.657694675874104
,
2.9583278984083794,38.657694675874104
,
2.9583278984083794,38.657694675874104
2.535709638746278,39.56400246388002
2.5357096405411745,40.56400246388002
,
2.535709638746278,39.56400246388002
,
3.3809461437113075,29.751386887868186
2.614901702387032,30.39417449969357
1.8488572610627563,31.036962111518953
0.8829314356253694,31.295781159799994
,
0.8829314356253694,31.295781159799994
,
0.8829314356253694,31.295781159799994
-0.08299438981201757,31.554600208081034
-0.8490388311362931,32.19738781990642
,
-0.08299438981201757,31.554600208081034
,
1.8488572610627563,31.036962111518953
1.0828128197384808,31.679749723344337
,
1.0828128197384808,31.679749723344337
,
1.0828128197384808,31.679749723344337
0.31676837841420524,32.32253733516972
-0.10584988124789646,33.22884512317564
,
0.31676837841420524,32.32253733516972
,
1.8488572610627563,31.036962111518953
1.0828128197384808,31.679749723344337
0.31676837841420524,32.32253733516972
-0.10584988124789646,33.22884512317564
-0.5284681409099982,34.13515291118156
-0.9510864005720998,35.041460699187475
,
-0.9510864005720998,35.041460699187475
,
-0.9510864005720998,35.041460699187475
-1.3737046602342016,35.94776848719339
-1.3737046584393051,36.94776848719339
,
-1.3737046602342016,35.94776848719339
,
0.31676837841420524,32.32253733516972
-0.6491574470231817,32.58135638345076
,
-0.6491574470231817,32.58135638345076
,
-0.6491574470231817,32.58135638345076
-1.6150832724605686,32.8401754317318
-2.381127713784844,33.482963043557184
,
-1.6150832724605686,32.8401754317318
,
6.76189222100812,22.50092458382087
6.7618922228030165,23.50092458382087
6.761892224597913,24.50092458382087
6.76189222639281,25.50092458382087
6.7618922281877065,26.50092458382087
6.339273968525605,27.407232371826783
5.9166557088635034,28.313540159832698
5.150611267539228,28.95632777165808
,
5.150611267539228,28.95632777165808
,
5.150611267539228,28.95632777165808
4.384566826214952,29.599115383483465
3.9619485665528504,30.50542317148938
,
4.384566826214952,29.599115383483465
,
5.9166557088635034,28.313540159832698
5.494037449201402,29.219847947838613
,
5.494037449201402,29.219847947838613
,
5.494037449201402,29.219847947838613
5.0714191895393,30.126155735844527
5.071419191334197,31.126155735844527
,
5.0714191895393,30.126155735844527
,
5.9166557088635034,28.313540159832698
5.494037449201402,29.219847947838613
5.0714191895393,30.126155735844527
5.071419191334197,31.126155735844527
5.071419193129094,32.12615573584453
5.07141919492399,33.12615573584453
,
5.07141919492399,33.12615573584453
,
5.07141919492399,33.12615573584453
5.071419196718887,34.12615573584453
5.494037459634447,35.03246352233333
,
5.071419196718887,34.12615573584453
,
5.0714191895393,30.126155735844527
4.305374748215025,30.76894334766991
,
4.305374748215025,30.76894334766991
,
4.305374748215025,30.76894334766991
3.539330306890749,31.411730959495294
3.1167120472286474,32.31803874750121
,
3.539330306890749,31.411730959495294
,
6.7618922281877065,26.50092458382087
6.761892229982603,27.50092458382087
6.7618922317775,28.50092458382087
6.339273972115398,29.407232371826783
,
6.339273972115398,29.407232371826783
,
6.339273972115398,29.407232371826783
5.916655712453297,30.313540159832698
5.9166557142481935,31.313540159832698
,
5.916655712453297,30.313540159832698
,
6.7618922317775,28.50092458382087
6.7618922335723965,29.50092458382087
,
6.7618922335723965,29.50092458382087
,
6.7618922335723965,29.50092458382087
6.761892235367293,30.50092458382087
7.184510498282853,31.40723237030967
,
6.761892235367293,30.50092458382087
,
6.7618922317775,28.50092458382087
6.7618922335723965,29.50092458382087
6.761892235367293,30.50092458382087
7.184510498282853,31.40723237030967
7.607128761198412,32.313540156798474
8.029747024113972,33.21984794328728
,
8.029747024113972,33.21984794328728
,
8.029747024113972,33.21984794328728
8.452365287029531,34.12615572977608
9.218409730661282,34.76894333885152
,
8.452365287029531,34.12615572977608
,
6.761892235367293,30.50092458382087
6.339273975705192,31.407232371826783
,
6.339273975705192,31.407232371826783
,
6.339273975705192,31.407232371826783
5.91665571604309,32.3135401598327
5.916655717837987,33.3135401598327
,
5.91665571604309,32.3135401598327
,
6.7618922281877065,26.50092458382087
6.761892229982603,27.50092458382087
6.7618922317775,28.50092458382087
6.7618922335723965,29.50092458382087
6.761892235367293,30.50092458382087
7.184510498282853,31.40723237030967
7.607128761198412,32.313540156798474
8.029747024113972,33.21984794328728
8.452365287029531,34.12615572977608
8.87498354994509,35.03246351626488
9.29760181286065,35.938771302753686
9.297601814655547,36.938771302753686
,
9.297601814655547,36.938771302753686
,
9.297601814655547,36.938771302753686
9.297601816450443,37.938771302753686
9.720220079366003,38.84507908924249
,
9.297601816450443,37.938771302753686
,
9.29760181286065,35.938771302753686
9.72022007577621,36.84507908924249
,
9.72022007577621,36.84507908924249
,
9.72022007577621,36.84507908924249
10.142838338691769,37.75138687573129
10.90888278232352,38.39417448480673
,
10.142838338691769,37.75138687573129
,
9.29760181286065,35.938771302753686
9.72022007577621,36.84507908924249
10.142838338691769,37.75138687573129
10.90888278232352,38.39417448480673
11.67492722595527,39.036962093882174
12.440971669587022,39.679749702957615
,
12.440971669587022,39.679749702957615
,
12.440971669587022,39.679749702957615
13.207016113218772,40.322537312033056
14.172941939585266,40.58135635684662
,
13.207016113218772,40.322537312033056
,
10.142838338691769,37.75138687573129
10.142838340486666,38.75138687573129
,
10.142838340486666,38.75138687573129
,
10.142838340486666,38.75138687573129
10.142838342281562,39.75138687573129
10.565456605197122,40.657694662220095
,
10.142838342281562,39.75138687573129
,
6.761892235367293,30.50092458382087
6.339273975705192,31.407232371826783
5.91665571604309,32.3135401598327
5.150611274718814,32.95632777165808
,
5.150611274718814,32.95632777165808
,
5.150611274718814,32.95632777165808
4.384566833394539,33.599115383483465
3.961948573732437,34.50542317148938
,
4.384566833394539,33.599115383483465
,
5.91665571604309,32.3135401598327
5.494037456380989,33.219847947838616
,
5.494037456380989,33.219847947838616
,
5.494037456380989,33.219847947838616
5.071419196718887,34.126155735844534
5.071419198513784,35.126155735844534
,
5.071419196718887,34.126155735844534
,
5.91665571604309,32.3135401598327
5.494037456380989,33.219847947838616
5.071419196718887,34.126155735844534
5.071419198513784,35.126155735844534
5.07141920030868,36.126155735844534
5.071419202103577,37.126155735844534
,
5.071419202103577,37.126155735844534
,
5.071419202103577,37.126155735844534
5.071419203898474,38.126155735844534
5.494037466814033,39.03246352233334
,
5.071419203898474,38.126155735844534
,
5.071419196718887,34.126155735844534
4.305374755394611,34.76894334766992
,
4.305374755394611,34.76894334766992
,
4.305374755394611,34.76894334766992
3.5393303140703356,35.4117309594953
3.116712054408234,36.31803874750122
,
3.5393303140703356,35.4117309594953
,
6.76189222100812,22.50092458382087
6.7618922228030165,23.50092458382087
6.761892224597913,24.50092458382087
6.76189222639281,25.50092458382087
6.7618922281877065,26.50092458382087
6.761892229982603,27.50092458382087
6.7618922317775,28.50092458382087
6.7618922335723965,29.50092458382087
6.761892235367293,30.50092458382087
7.184510498282853,31.40723237030967
7.607128761198412,32.313540156798474
8.029747024113972,33.21984794328728
8.452365287029531,34.12615572977608
8.87498354994509,35.03246351626488
9.29760181286065,35.938771302753686
9.72022007577621,36.84507908924249
10.142838338691769,37.75138687573129
10.565456601607329,38.657694662220095
10.988074864522888,39.5640024487089
11.410693127438448,40.4703102351977
11.833311390354007,41.376618021686504
11.833311392148904,42.376618021686504
11.8333113939438,43.376618021686504
11.410693134281699,44.28292580969242
,
11.410693134281699,44.28292580969242
,
11.410693134281699,44.28292580969242
10.988074874619597,45.18923359769834
10.988074876414494,46.18923359769834
,
10.988074874619597,45.18923359769834
,
11.8333113939438,43.376618021686504
11.833311395738697,44.376618021686504
,
11.833311395738697,44.376618021686504
,
11.833311395738697,44.376618021686504
11.833311397533594,45.376618021686504
12.255929660449153,46.28292580817531
,
11.833311397533594,45.376618021686504
,
11.8333113939438,43.376618021686504
11.833311395738697,44.376618021686504
11.833311397533594,45.376618021686504
12.255929660449153,46.28292580817531
12.678547923364713,47.18923359466411
13.101166186280272,48.09554138115291
,
13.101166186280272,48.09554138115291
,
13.101166186280272,48.09554138115291
13.523784449195832,49.001849167641716
14.289828892827583,49.64463677671716
,
13.523784449195832,49.001849167641716
,
11.833311397533594,45.376618021686504
11.410693137871492,46.28292580969242
,
11.410693137871492,46.28292580969242
,
11.410693137871492,46.28292580969242
10.98807487820939,47.18923359769834
10.988074880004287,48.18923359769834
,
10.98807487820939,47.18923359769834
,
11.833311390354007,41.376618021686504
12.255929653269567,42.28292580817531
12.678547916185126,43.18923359466411
12.678547917980023,44.18923359466411
,
12.678547917980023,44.18923359466411
,
12.678547917980023,44.18923359466411
12.67854791977492,45.18923359466411
13.101166182690479,46.09554138115291
,
12.67854791977492,45.18923359466411
,
12.678547916185126,43.18923359466411
13.101166179100685,44.09554138115291
,
13.101166179100685,44.09554138115291
,
13.101166179100685,44.09554138115291
13.523784442016245,45.001849167641716
14.289828885647996,45.64463677671716
,
13.523784442016245,45.001849167641716
,
12.678547916185126,43.18923359466411
13.101166179100685,44.09554138115291
13.523784442016245,45.001849167641716
14.289828885647996,45.64463677671716
15.055873329279747,46.2874243857926
15.821917772911497,46.93021199486804
,
15.821917772911497,46.93021199486804
,
15.821917772911497,46.93021199486804
16.587962216543247,47.57299960394348
17.55388804290974,47.83181864875704
,
16.587962216543247,47.57299960394348
,
13.523784442016245,45.001849167641716
13.523784443811142,46.001849167641716
,
13.523784443811142,46.001849167641716
,
13.523784443811142,46.001849167641716
13.523784445606038,47.001849167641716
13.946402708521598,47.90815695413052
,
13.523784445606038,47.001849167641716
,
11.833311390354007,41.376618021686504
12.255929653269567,42.28292580817531
12.678547916185126,43.18923359466411
13.101166179100685,44.09554138115291
13.523784442016245,45.001849167641716
14.289828885647996,45.64463677671716
15.055873329279747,46.2874243857926
15.821917772911497,46.93021199486804
16.587962216543247,47.57299960394348
17.354006660174996,48.21578721301892
18.120051103806745,48.85857482209436
18.542669366722304,49.764882608583164
,
18.542669366722304,49.764882608583164
,
18.542669366722304,49.764882608583164
18.965287629637864,50.67119039507197
19.731332073269613,51.31397800414741
,
18.965287629637864,50.67119039507197
,
18.120051103806745,48.85857482209436
18.886095547438494,49.5013624311698
,
18.886095547438494,49.5013624311698
,
18.886095547438494,49.5013624311698
19.652139991070243,50.14415004024524
20.618065817436737,50.40296908505881
,
19.652139991070243,50.14415004024524
,
18.120051103806745,48.85857482209436
18.886095547438494,49.5013624311698
19.652139991070243,50.14415004024524
20.618065817436737,50.40296908505881
21.58399164380323,50.66178812987237
22.549917470169724,50.920607174685934
,
22.549917470169724,50.920607174685934
,
22.549917470169724,50.920607174685934
23.515843296536218,51.1794262194995
24.50065104958306,51.00577804202897
,
23.515843296536218,51.1794262194995
,
19.652139991070243,50.14415004024524
20.074758253985802,51.050457826734046
,
20.074758253985802,51.050457826734046
,
20.074758253985802,51.050457826734046
20.49737651690136,51.95676561322285
21.26342096053311,52.59955322229829
,
20.49737651690136,51.95676561322285
,
13.523784442016245,45.001849167641716
13.523784443811142,46.001849167641716
13.523784445606038,47.001849167641716
13.101166185943937,47.908156955647634
,
13.101166185943937,47.908156955647634
,
13.101166185943937,47.908156955647634
12.678547926281835,48.81446474365355
12.678547928076732,49.81446474365355
,
12.678547926281835,48.81446474365355
,
13.523784445606038,47.001849167641716
13.523784447400935,48.001849167641716
,
13.523784447400935,48.001849167641716
,
13.523784447400935,48.001849167641716
13.523784449195832,49.001849167641716
13.946402712111391,49.90815695413052
,
13.523784449195832,49.001849167641716
,
13.523784445606038,47.001849167641716
13.523784447400935,48.001849167641716
13.523784449195832,49.001849167641716
13.946402712111391,49.90815695413052
14.36902097502695,50.81446474061932
14.79163923794251,51.720772527108124
,
14.79163923794251,51.720772527108124
,
14.79163923794251,51.720772527108124
15.21425750085807,52.62708031359693
15.98030194448982,53.26986792267237
,
15.21425750085807,52.62708031359693
,
13.523784449195832,49.001849167641716
13.10116618953373,49.908156955647634
,
13.10116618953373,49.908156955647634
,
13.10116618953373,49.908156955647634
12.678547929871629,50.81446474365355
12.678547931666525,51.81446474365355
,
12.678547929871629,50.81446474365355
,
6.761892235367293,30.50092458382087
6.339273975705192,31.407232371826783
5.91665571604309,32.3135401598327
5.494037456380989,33.219847947838616
5.071419196718887,34.126155735844534
4.305374755394611,34.76894334766992
3.5393303140703356,35.4117309594953
2.573404488632949,35.67055000777634
,
2.573404488632949,35.67055000777634
,
2.573404488632949,35.67055000777634
1.607478663195562,35.92936905605738
0.8414342218712865,36.572156667882766
,
1.607478663195562,35.92936905605738
,
3.5393303140703356,35.4117309594953
2.77328587274606,36.054518571320685
,
2.77328587274606,36.054518571320685
,
2.77328587274606,36.054518571320685
2.007241431421784,36.69730618314607
1.5846231717596824,37.60361397115199
,
2.007241431421784,36.69730618314607
,
3.5393303140703356,35.4117309594953
2.77328587274606,36.054518571320685
2.007241431421784,36.69730618314607
1.5846231717596824,37.60361397115199
1.1620049120975806,38.509921759157905
0.7393866524354789,39.41622954716382
,
0.7393866524354789,39.41622954716382
,
0.7393866524354789,39.41622954716382
0.31676839277337715,40.32253733516974
0.31676839456827366,41.32253733516974
,
0.31676839277337715,40.32253733516974
,
2.007241431421784,36.69730618314607
1.0413156059843973,36.95612523142711
,
1.0413156059843973,36.95612523142711
,
1.0413156059843973,36.95612523142711
0.0753897805470104,37.21494427970815
-0.6906546607772651,37.85773189153353
,
0.0753897805470104,37.21494427970815
,
5.071419196718887,34.126155735844534
4.6488009370567855,35.03246352385045
4.226182677394684,35.93877131185637
3.4601382360704083,36.581558923681754
,
3.4601382360704083,36.581558923681754
,
3.4601382360704083,36.581558923681754
2.6940937947461325,37.22434653550714
2.271475535084031,38.130654323513056
,
2.6940937947461325,37.22434653550714
,
4.226182677394684,35.93877131185637
3.8035644177325825,36.84507909986229
,
3.8035644177325825,36.84507909986229
,
3.8035644177325825,36.84507909986229
3.380946158070481,37.75138688786821
3.3809461598653776,38.75138688786821
,
3.380946158070481,37.75138688786821
,
4.226182677394684,35.93877131185637
3.8035644177325825,36.84507909986229
3.380946158070481,37.75138688786821
3.3809461598653776,38.75138688786821
3.3809461616602743,39.75138688786821
3.380946163455171,40.75138688786821
,
3.380946163455171,40.75138688786821
,
3.380946163455171,40.75138688786821
3.3809461652500676,41.75138688786821
3.8035644281656267,42.65769467435701
,
3.3809461652500676,41.75138688786821
,
3.380946158070481,37.75138688786821
2.614901716746205,38.39417449969359
,
2.614901716746205,38.39417449969359
,
2.614901716746205,38.39417449969359
1.8488572754219297,39.036962111518974
1.426239015759828,39.94326989952489
,
1.8488572754219297,39.036962111518974
,
5.071419196718887,34.126155735844534
4.6488009370567855,35.03246352385045
4.226182677394684,35.93877131185637
3.8035644177325825,36.84507909986229
3.380946158070481,37.75138688786821
3.3809461598653776,38.75138688786821
3.3809461616602743,39.75138688786821
3.380946163455171,40.75138688786821
3.3809461652500676,41.75138688786821
3.3809461670449643,42.75138688786821
3.380946168839861,43.75138688786821
2.9583279091777595,44.657694675874126
,
2.9583279091777595,44.657694675874126
,
2.9583279091777595,44.657694675874126
2.535709649515658,45.564002463880044
2.5357096513105546,46.564002463880044
,
2.535709649515658,45.564002463880044
,
3.380946168839861,43.75138688786821
3.3809461706347577,44.75138688786821
,
3.3809461706347577,44.75138688786821
,
3.3809461706347577,44.75138688786821
3.3809461724296543,45.75138688786821
3.8035644353452134,46.65769467435701
,
3.3809461724296543,45.75138688786821
,
3.380946168839861,43.75138688786821
3.3809461706347577,44.75138688786821
3.3809461724296543,45.75138688786821
3.8035644353452134,46.65769467435701
4.226182698260772,47.56400246084581
4.648800961176331,48.470310247334616
,
4.648800961176331,48.470310247334616
,
4.648800961176331,48.470310247334616
5.0714192240918905,49.37661803382342
5.8374636677236404,50.01940564289886
,
5.0714192240918905,49.37661803382342
,
3.3809461724296543,45.75138688786821
2.958327912767553,46.657694675874126
,
2.958327912767553,46.657694675874126
,
2.958327912767553,46.657694675874126
2.5357096531054513,47.564002463880044
2.535709654900348,48.564002463880044
,
2.5357096531054513,47.564002463880044
,
3.380946158070481,37.75138688786821
2.614901716746205,38.39417449969359
1.8488572754219297,39.036962111518974
0.8829314499845428,39.295781159800015
,
0.8829314499845428,39.295781159800015
,
0.8829314499845428,39.295781159800015
-0.08299437545284416,39.554600208081055
-0.8490388167771197,40.19738781990644
,
-0.08299437545284416,39.554600208081055
,
1.8488572754219297,39.036962111518974
1.0828128340976542,39.67974972334436
,
1.0828128340976542,39.67974972334436
,
1.0828128340976542,39.67974972334436
0.31676839277337865,40.32253733516974
-0.10584986688872305,41.22884512317566
,
0.31676839277337865,40.32253733516974
,
1.8488572754219297,39.036962111518974
1.0828128340976542,39.67974972334436
0.31676839277337865,40.32253733516974
-0.10584986688872305,41.22884512317566
-0.5284681265508248,42.13515291118158
-0.9510863862129264,43.041460699187496
,
-0.9510863862129264,43.041460699187496
,
-0.9510863862129264,43.041460699187496
-1.3737046458750282,43.947768487193414
-1.3737046440801317,44.947768487193414
,
-1.3737046458750282,43.947768487193414
,
0.31676839277337865,40.32253733516974
-0.6491574326640083,40.58135638345078
,
-0.6491574326640083,40.58135638345078
,
-0.6491574326640083,40.58135638345078
-1.6150832581013952,40.84017543173182
-2.3811276994256705,41.482963043557206
,
-1.6150832581013952,40.84017543173182
,
6.761892206648946,14.500924583820868
7.184510469564506,15.407232370309673
7.607128732480065,16.313540156798478
8.029746995395625,17.21984794328728
8.452365258311184,18.126155729776084
8.874983521226744,19.032463516264887
9.297601784142303,19.93877130275369
9.720220047057863,20.845079089242493
10.142838309973422,21.751386875731296
10.142838311768319,22.751386875731296
10.142838313563216,23.751386875731296
10.142838315358112,24.751386875731296
10.142838317153009,25.751386875731296
9.720220057490907,26.65769466373721
9.297601797828806,27.564002451743125
8.53155735650453,28.20679006356851
,
8.53155735650453,28.20679006356851
,
8.53155735650453,28.20679006356851
7.765512915180254,28.849577675393892
7.342894655518153,29.755885463399807
,
7.765512915180254,28.849577675393892
,
9.297601797828806,27.564002451743125
8.874983538166704,28.47031023974904
,
8.874983538166704,28.47031023974904
,
8.874983538166704,28.47031023974904
8.452365278504603,29.376618027754954
8.4523652802995,30.376618027754954
,
8.452365278504603,29.376618027754954
,
9.297601797828806,27.564002451743125
8.874983538166704,28.47031023974904
8.452365278504603,29.376618027754954
8.4523652802995,30.376618027754954
8.452365282094396,31.376618027754954
8.452365283889293,32.37661802775496
,
8.452365283889293,32.37661802775496
,
8.452365283889293,32.37661802775496
8.45236528568419,33.37661802775496
8.874983548599749,34.28292581424376
,
8.45236528568419,33.37661802775496
,
8.452365278504603,29.376618027754954
7.686320837180327,30.019405639580338
,
7.686320837180327,30.019405639580338
,
7.686320837180327,30.019405639580338
6.920276395856051,30.66219325140572
6.49765813619395,31.568501039411636
,
6.920276395856051,30.66219325140572
,
10.142838317153009,25.751386875731296
10.142838318947906,26.751386875731296
10.142838320742802,27.751386875731296
9.7202200610807,28.65769466373721
,
9.7202200610807,28.65769466373721
,
9.7202200610807,28.65769466373721
9.2976018014186,29.564002451743125
9.297601803213496,30.564002451743125
,
9.2976018014186,29.564002451743125
,
10.142838320742802,27.751386875731296
10.142838322537699,28.751386875731296
,
10.142838322537699,28.751386875731296
,
10.142838322537699,28.751386875731296
10.142838324332596,29.751386875731296
10.565456587248155,30.6576946622201
,
10.142838324332596,29.751386875731296
,
10.142838320742802,27.751386875731296
10.142838322537699,28.751386875731296
10.142838324332596,29.751386875731296
10.565456587248155,30.6576946622201
10.988074850163715,31.5640024487089
11.410693113079274,32.47031023519771
,
11.410693113079274,32.47031023519771
,
11.410693113079274,32.47031023519771
11.833311375994834,33.37661802168651
12.599355819626584,34.01940563076195
,
11.833311375994834,33.37661802168651
,
10.142838324332596,29.751386875731296
9.720220064670494,30.65769466373721
,
9.720220064670494,30.65769466373721
,
9.720220064670494,30.65769466373721
9.297601805008393,31.564002451743125
9.29760180680329,32.56400245174312
,
9.297601805008393,31.564002451743125
,
10.142838317153009,25.751386875731296
10.142838318947906,26.751386875731296
10.142838320742802,27.751386875731296
10.142838322537699,28.751386875731296
10.142838324332596,29.751386875731296
10.565456587248155,30.6576946622201
10.988074850163715,31.5640024487089
11.410693113079274,32.47031023519771
11.833311375994834,33.37661802168651
12.255929638910393,34.282925808175314
12.678547901825953,35.18923359466412
12.67854790362085,36.18923359466412
,
12.67854790362085,36.18923359466412
,
12.67854790362085,36.18923359466412
12.678547905415746,37.18923359466412
13.101166168331305,38.09554138115292
,
12.678547905415746,37.18923359466412
,
12.678547901825953,35.18923359466412
13.101166164741512,36.09554138115292
,
13.101166164741512,36.09554138115292
,
13.101166164741512,36.09554138115292
13.523784427657072,37.00184916764172
14.289828871288822,37.644636776717164
,
13.523784427657072,37.00184916764172
,
12.678547901825953,35.18923359466412
13.101166164741512,36.09554138115292
13.523784427657072,37.00184916764172
14.289828871288822,37.644636776717164
15.055873314920573,38.287424385792605
15.821917758552324,38.930211994868046
,
15.821917758552324,38.930211994868046
,
15.821917758552324,38.930211994868046
16.587962202184073,39.57299960394349
17.553888028550567,39.83181864875705
,
16.587962202184073,39.57299960394349
,
13.523784427657072,37.00184916764172
13.523784429451968,38.00184916764172
,
13.523784429451968,38.00184916764172
,
13.523784429451968,38.00184916764172
13.523784431246865,39.00184916764172
13.946402694162424,39.908156954130526
,
13.523784431246865,39.00184916764172
,
10.142838324332596,29.751386875731296
9.720220064670494,30.65769466373721
9.297601805008393,31.564002451743125
8.531557363684117,32.206790063568505
,
8.531557363684117,32.206790063568505
,
8.531557363684117,32.206790063568505
7.765512922359841,32.84957767539389
7.34289466269774,33.75588546339981
,
7.765512922359841,32.84957767539389
,
9.297601805008393,31.564002451743125
8.874983545346291,32.47031023974904
,
8.874983545346291,32.47031023974904
,
8.874983545346291,32.47031023974904
8.45236528568419,33.37661802775496
8.452365287479086,34.37661802775496
,
8.45236528568419,33.37661802775496
,
9.297601805008393,31.564002451743125
8.874983545346291,32.47031023974904
8.45236528568419,33.37661802775496
8.452365287479086,34.37661802775496
8.452365289273983,35.37661802775496
8.45236529106888,36.37661802775496
,
8.45236529106888,36.37661802775496
,
8.45236529106888,36.37661802775496
8.452365292863776,37.37661802775496
8.874983555779336,38.28292581424376
,
8.452365292863776,37.37661802775496
,
8.45236528568419,33.37661802775496
7.686320844359914,34.01940563958034
,
7.686320844359914,34.01940563958034
,
7.686320844359914,34.01940563958034
6.920276403035638,34.662193251405725
6.4976581433735365,35.56850103941164
,
6.920276403035638,34.662193251405725
,
10.142838309973422,21.751386875731296
10.565456572888982,22.6576946622201
10.988074835804541,23.5640024487089
11.4106930987201,24.470310235197704
11.83331136163566,25.376618021686507
11.833311363430557,26.376618021686507
11.833311365225454,27.376618021686507
11.410693105563352,28.282925809692422
,
11.410693105563352,28.282925809692422
,
11.410693105563352,28.282925809692422
10.98807484590125,29.189233597698337
10.988074847696147,30.189233597698337
,
10.98807484590125,29.189233597698337
,
11.833311365225454,27.376618021686507
11.83331136702035,28.376618021686507
,
11.83331136702035,28.376618021686507
,
11.83331136702035,28.376618021686507
11.833311368815247,29.376618021686507
12.255929631730806,30.28292580817531
,
11.833311368815247,29.376618021686507
,
11.833311365225454,27.376618021686507
11.83331136702035,28.376618021686507
11.833311368815247,29.376618021686507
12.255929631730806,30.28292580817531
12.678547894646366,31.189233594664113
13.101166157561925,32.09554138115292
,
13.101166157561925,32.09554138115292
,
13.101166157561925,32.09554138115292
13.523784420477485,33.00184916764172
14.289828864109236,33.644636776717164
,
13.523784420477485,33.00184916764172
,
11.833311368815247,29.376618021686507
11.410693109153145,30.282925809692422
,
11.410693109153145,30.282925809692422
,
11.410693109153145,30.282925809692422
10.988074849491044,31.189233597698337
10.98807485128594,32.18923359769833
,
10.988074849491044,31.189233597698337
,
11.83331136163566,25.376618021686507
12.25592962455122,26.28292580817531
12.67854788746678,27.189233594664113
12.678547889261676,28.189233594664113
,
12.678547889261676,28.189233594664113
,
12.678547889261676,28.189233594664113
12.678547891056573,29.189233594664113
13.101166153972132,30.095541381152916
,
12.678547891056573,29.189233594664113
,
12.67854788746678,27.189233594664113
13.101166150382339,28.095541381152916
,
13.101166150382339,28.095541381152916
,
13.101166150382339,28.095541381152916
13.523784413297898,29.00184916764172
14.289828856929649,29.64463677671716
,
13.523784413297898,29.00184916764172
,
12.67854788746678,27.189233594664113
13.101166150382339,28.095541381152916
13.523784413297898,29.00184916764172
14.289828856929649,29.64463677671716
15.0558733005614,30.2874243857926
15.82191774419315,30.930211994868042
,
15.82191774419315,30.930211994868042
,
15.82191774419315,30.930211994868042
16.5879621878249,31.572999603943483
17.553888014191394,31.831818648757046
,
16.5879621878249,31.572999603943483
,
13.523784413297898,29.00184916764172
13.523784415092795,30.00184916764172
,
13.523784415092795,30.00184916764172
,
13.523784415092795,30.00184916764172
13.523784416887692,31.00184916764172
13.946402679803251,31.908156954130522
,
13.523784416887692,31.00184916764172
,
11.83331136163566,25.376618021686507
12.25592962455122,26.28292580817531
12.67854788746678,27.189233594664113
13.101166150382339,28.095541381152916
13.523784413297898,29.00184916764172
14.289828856929649,29.64463677671716
15.0558733005614,30.2874243857926
15.82191774419315,30.930211994868042
16.5879621878249,31.572999603943483
17.35400663145665,32.21578721301893
18.120051075088398,32.85857482209437
18.542669338003957,33.76488260858317
,
18.542669338003957,33.76488260858317
,
18.542669338003957,33.76488260858317
18.965287600919517,34.671190395071974
19.731332044551266,35.313978004147415
,
18.965287600919517,34.671190395071974
,
18.120051075088398,32.85857482209437
18.886095518720147,33.50136243116981
,
18.886095518720147,33.50136243116981
,
18.886095518720147,33.50136243116981
19.652139962351896,34.14415004024525
20.61806578871839,34.402969085058814
,
19.652139962351896,34.14415004024525
,
18.120051075088398,32.85857482209437
18.886095518720147,33.50136243116981
19.652139962351896,34.14415004024525
20.61806578871839,34.402969085058814
21.583991615084884,34.66178812987238
22.549917441451377,34.92060717468594
,
22.549917441451377,34.92060717468594
,
22.549917441451377,34.92060717468594
23.51584326781787,35.179426219499504
24.500651020864712,35.00577804202898
,
23.51584326781787,35.179426219499504
,
19.652139962351896,34.14415004024525
20.074758225267455,35.05045782673405
,
20.074758225267455,35.05045782673405
,
20.074758225267455,35.05045782673405
20.497376488183015,35.956765613222856
21.263420931814764,36.5995532222983
,
20.497376488183015,35.956765613222856
,
13.523784413297898,29.00184916764172
13.523784415092795,30.00184916764172
13.523784416887692,31.00184916764172
13.10116615722559,31.908156955647634
,
13.10116615722559,31.908156955647634
,
13.10116615722559,31.908156955647634
12.678547897563488,32.81446474365355
12.678547899358385,33.81446474365355
,
12.678547897563488,32.81446474365355
,
13.523784416887692,31.00184916764172
13.523784418682588,32.00184916764172
,
13.523784418682588,32.00184916764172
,
13.523784418682588,32.00184916764172
13.523784420477485,33.00184916764172
13.946402683393044,33.908156954130526
,
13.523784420477485,33.00184916764172
,
13.523784416887692,31.00184916764172
13.523784418682588,32.00184916764172
13.523784420477485,33.00184916764172
13.946402683393044,33.908156954130526
14.369020946308604,34.81446474061933
14.791639209224163,35.72077252710813
,
14.791639209224163,35.72077252710813
,
14.791639209224163,35.72077252710813
15.214257472139723,36.627080313596935
15.980301915771474,37.269867922672375
,
15.214257472139723,36.627080313596935
,
13.523784420477485,33.00184916764172
13.101166160815383,33.90815695564764
,
13.101166160815383,33.90815695564764
,
13.101166160815383,33.90815695564764
12.678547901153282,34.81446474365356
12.678547902948178,35.81446474365356
,
12.678547901153282,34.81446474365356
,
10.142838309973422,21.751386875731296
10.565456572888982,22.6576946622201
10.988074835804541,23.5640024487089
11.4106930987201,24.470310235197704
11.83331136163566,25.376618021686507
12.25592962455122,26.28292580817531
12.67854788746678,27.189233594664113
13.101166150382339,28.095541381152916
13.523784413297898,29.00184916764172
14.289828856929649,29.64463677671716
15.0558733005614,30.2874243857926
15.82191774419315,30.930211994868042
16.5879621878249,31.572999603943483
17.35400663145665,32.21578721301893
18.120051075088398,32.85857482209437
18.886095518720147,33.50136243116981
19.652139962351896,34.14415004024525
20.418184405983645,34.78693764932069
21.184228849615394,35.42972525839613
21.950273293247143,36.07251286747157
22.716317736878892,36.715300476547014
23.13893599979445,37.62160826303582
23.56155426271001,38.52791604952462
23.561554264504906,39.52791604952462
,
23.561554264504906,39.52791604952462
,
23.561554264504906,39.52791604952462
23.5615542662998,40.52791604952462
23.98417252921536,41.43422383601342
,
23.5615542662998,40.52791604952462
,
23.56155426271001,38.52791604952462
23.98417252562557,39.43422383601342
,
23.98417252562557,39.43422383601342
,
23.98417252562557,39.43422383601342
24.40679078854113,40.340531622502226
25.17283523217288,40.98331923157767
,
24.40679078854113,40.340531622502226
,
23.56155426271001,38.52791604952462
23.98417252562557,39.43422383601342
24.40679078854113,40.340531622502226
25.17283523217288,40.98331923157767
25.93887967580463,41.62610684065311
26.704924119436377,42.26889444972855
,
26.704924119436377,42.26889444972855
,
26.704924119436377,42.26889444972855
27.470968563068126,42.91168205880399
28.43689438943462,43.17050110361755
,
27.470968563068126,42.91168205880399
,
24.40679078854113,40.340531622502226
24.406790790336025,41.340531622502226
,
24.406790790336025,41.340531622502226
,
24.406790790336025,41.340531622502226
24.40679079213092,42.340531622502226
24.82940905504648,43.24683940899103
,
24.40679079213092,42.340531622502226
,
22.716317736878892,36.715300476547014
23.48236218051064,37.358088085622455
24.24840662414239,38.000875694697896
24.67102488705795,38.9071834811867
,
24.67102488705795,38.9071834811867
,
24.67102488705795,38.9071834811867
25.09364314997351,39.8134912676755
25.85968759360526,40.45627887675094
,
25.09364314997351,39.8134912676755
,
24.24840662414239,38.000875694697896
25.01445106777414,38.64366330377334
,
25.01445106777414,38.64366330377334
,
25.01445106777414,38.64366330377334
25.78049551140589,39.28645091284878
26.746421337772382,39.54526995766234
,
25.78049551140589,39.28645091284878
,
24.24840662414239,38.000875694697896
25.01445106777414,38.64366330377334
25.78049551140589,39.28645091284878
26.746421337772382,39.54526995766234
27.712347164138876,39.804089002475905
28.67827299050537,40.06290804728947
,
28.67827299050537,40.06290804728947
,
28.67827299050537,40.06290804728947
29.644198816871864,40.32172709210303
30.629006569918705,40.14807891463251
,
29.644198816871864,40.32172709210303
,
25.78049551140589,39.28645091284878
26.203113774321448,40.19275869933758
,
26.203113774321448,40.19275869933758
,
26.203113774321448,40.19275869933758
26.625732037237007,41.099066485826384
27.391776480868756,41.741854094901825
,
26.625732037237007,41.099066485826384
,
22.716317736878892,36.715300476547014
23.48236218051064,37.358088085622455
24.24840662414239,38.000875694697896
25.01445106777414,38.64366330377334
25.78049551140589,39.28645091284878
26.746421337772382,39.54526995766234
27.712347164138876,39.804089002475905
28.67827299050537,40.06290804728947
29.644198816871864,40.32172709210303
30.610124643238358,40.580546136916595
31.57605046960485,40.83936518173016
32.3420949132366,41.4821527908056
,
32.3420949132366,41.4821527908056
,
32.3420949132366,41.4821527908056
33.10813935686835,42.12494039988104
34.07406518323484,42.383759444694604
,
33.10813935686835,42.12494039988104
,
31.57605046960485,40.83936518173016
32.541976295971345,41.09818422654372
,
32.541976295971345,41.09818422654372
,
32.541976295971345,41.09818422654372
33.50790212233784,41.357003271357286
34.492709875384676,41.18335509388676
,
33.50790212233784,41.357003271357286
,
31.57605046960485,40.83936518173016
32.541976295971345,41.09818422654372
33.50790212233784,41.357003271357286
34.492709875384676,41.18335509388676
35.477517628431514,41.009706916416235
36.46232538147835,40.83605873894571
,
36.46232538147835,40.83605873894571
,
36.46232538147835,40.83605873894571
37.44713313452519,40.662410561475184
38.26628517921455,40.08883412569592
,
37.44713313452519,40.662410561475184
,
33.50790212233784,41.357003271357286
34.27394656596959,41.99979088043273
,
34.27394656596959,41.99979088043273
,
34.27394656596959,41.99979088043273
35.03999100960134,42.64257848950817
36.00591683596783,42.90139753432173
,
35.03999100960134,42.64257848950817
,
25.78049551140589,39.28645091284878
26.203113774321448,40.19275869933758
26.625732037237007,41.099066485826384
26.625732039031902,42.099066485826384
,
26.625732039031902,42.099066485826384
,
26.625732039031902,42.099066485826384
26.625732040826797,43.099066485826384
27.048350303742357,44.00537427231519
,
26.625732040826797,43.099066485826384
,
26.625732037237007,41.099066485826384
27.048350300152567,42.00537427231519
,
27.048350300152567,42.00537427231519
,
27.048350300152567,42.00537427231519
27.470968563068126,42.91168205880399
28.237013006699875,43.55446966787943
,
27.470968563068126,42.91168205880399
,
26.625732037237007,41.099066485826384
27.048350300152567,42.00537427231519
27.470968563068126,42.91168205880399
28.237013006699875,43.55446966787943
29.003057450331625,44.19725727695487
29.769101893963374,44.84004488603031
,
29.769101893963374,44.84004488603031
,
29.769101893963374,44.84004488603031
30.535146337595123,45.482832495105754
31.501072163961616,45.74165153991932
,
30.535146337595123,45.482832495105754
,
27.470968563068126,42.91168205880399
27.47096856486302,43.91168205880399
,
27.47096856486302,43.91168205880399
,
27.47096856486302,43.91168205880399
27.470968566657916,44.91168205880399
27.893586829573476,45.81798984529279
,
27.470968566657916,44.91168205880399
,
13.523784413297898,29.00184916764172
13.523784415092795,30.00184916764172
13.523784416887692,31.00184916764172
13.523784418682588,32.00184916764172
13.523784420477485,33.00184916764172
13.101166160815383,33.90815695564764
12.678547901153282,34.81446474365356
11.912503459829006,35.45725235547894
,
11.912503459829006,35.45725235547894
,
11.912503459829006,35.45725235547894
11.14645901850473,36.100039967304326
10.723840758842629,37.006347755310244
,
11.14645901850473,36.100039967304326
,
12.678547901153282,34.81446474365356
12.25592964149118,35.72077253165948
,
12.25592964149118,35.72077253165948
,
12.25592964149118,35.72077253165948
11.833311381829079,36.627080319665396
11.833311383623975,37.627080319665396
,
11.833311381829079,36.627080319665396
,
12.678547901153282,34.81446474365356
12.25592964149118,35.72077253165948
11.833311381829079,36.627080319665396
11.833311383623975,37.627080319665396
11.833311385418872,38.627080319665396
11.833311387213769,39.627080319665396
,
11.833311387213769,39.627080319665396
,
11.833311387213769,39.627080319665396
11.833311389008665,40.627080319665396
12.255929651924225,41.5333881061542
,
11.833311389008665,40.627080319665396
,
11.833311381829079,36.627080319665396
11.067266940504803,37.26986793149078
,
11.067266940504803,37.26986793149078
,
11.067266940504803,37.26986793149078
10.301222499180527,37.91265554331616
9.878604239518426,38.81896333132208
,
10.301222499180527,37.91265554331616
,
13.523784420477485,33.00184916764172
13.523784422272382,34.00184916764172
13.523784424067278,35.00184916764172
13.101166164405177,35.90815695564764
,
13.101166164405177,35.90815695564764
,
13.101166164405177,35.90815695564764
12.678547904743075,36.81446474365356
12.678547906537972,37.81446474365356
,
12.678547904743075,36.81446474365356
,
13.523784424067278,35.00184916764172
13.523784425862175,36.00184916764172
,
13.523784425862175,36.00184916764172
,
13.523784425862175,36.00184916764172
13.523784427657072,37.00184916764172
13.946402690572631,37.908156954130526
,
13.523784427657072,37.00184916764172
,
13.523784424067278,35.00184916764172
13.523784425862175,36.00184916764172
13.523784427657072,37.00184916764172
13.946402690572631,37.908156954130526
14.36902095348819,38.81446474061933
14.79163921640375,39.72077252710813
,
14.79163921640375,39.72077252710813
,
14.79163921640375,39.72077252710813
15.21425747931931,40.627080313596935
15.98030192295106,41.269867922672375
,
15.21425747931931,40.627080313596935
,
13.523784427657072,37.00184916764172
13.10116616799497,37.90815695564764
,
13.10116616799497,37.90815695564764
,
13.10116616799497,37.90815695564764
12.678547908332868,38.81446474365356
12.678547910127765,39.81446474365356
,
12.678547908332868,38.81446474365356
,
13.523784420477485,33.00184916764172
13.523784422272382,34.00184916764172
13.523784424067278,35.00184916764172
13.523784425862175,36.00184916764172
13.523784427657072,37.00184916764172
13.946402690572631,37.908156954130526
14.36902095348819,38.81446474061933
14.79163921640375,39.72077252710813
15.21425747931931,40.627080313596935
15.636875742234869,41.53338810008574
16.059494005150427,42.43969588657454
16.05949400694532,43.43969588657454
,
16.05949400694532,43.43969588657454
,
16.05949400694532,43.43969588657454
16.059494008740216,44.43969588657454
16.482112271655776,45.34600367306334
,
16.059494008740216,44.43969588657454
,
16.059494005150427,42.43969588657454
16.482112268065986,43.34600367306334
,
16.482112268065986,43.34600367306334
,
16.482112268065986,43.34600367306334
16.904730530981546,44.252311459552146
17.670774974613295,44.89509906862759
,
16.904730530981546,44.252311459552146
,
16.059494005150427,42.43969588657454
16.482112268065986,43.34600367306334
16.904730530981546,44.252311459552146
17.670774974613295,44.89509906862759
18.436819418245044,45.53788667770303
19.202863861876793,46.18067428677847
,
19.202863861876793,46.18067428677847
,
19.202863861876793,46.18067428677847
19.968908305508542,46.82346189585391
20.934834131875036,47.082280940667474
,
19.968908305508542,46.82346189585391
,
16.904730530981546,44.252311459552146
16.90473053277644,45.252311459552146
,
16.90473053277644,45.252311459552146
,
16.90473053277644,45.252311459552146
16.904730534571335,46.252311459552146
17.327348797486895,47.15861924604095
,
16.904730534571335,46.252311459552146
,
13.523784427657072,37.00184916764172
13.10116616799497,37.90815695564764
12.678547908332868,38.81446474365356
11.912503467008593,39.45725235547894
,
11.912503467008593,39.45725235547894
,
11.912503467008593,39.45725235547894
11.146459025684317,40.100039967304326
10.723840766022215,41.006347755310244
,
11.146459025684317,40.100039967304326
,
12.678547908332868,38.81446474365356
12.255929648670767,39.72077253165948
,
12.255929648670767,39.72077253165948
,
12.255929648670767,39.72077253165948
11.833311389008665,40.627080319665396
11.833311390803562,41.627080319665396
,
11.833311389008665,40.627080319665396
,
12.678547908332868,38.81446474365356
12.255929648670767,39.72077253165948
11.833311389008665,40.627080319665396
11.833311390803562,41.627080319665396
11.833311392598459,42.627080319665396
11.833311394393355,43.627080319665396
,
11.833311394393355,43.627080319665396
,
11.833311394393355,43.627080319665396
11.833311396188252,44.627080319665396
12.255929659103812,45.5333881061542
,
11.833311396188252,44.627080319665396
,
11.833311389008665,40.627080319665396
11.06726694768439,41.26986793149078
,
11.06726694768439,41.26986793149078
,
11.06726694768439,41.26986793149078
10.301222506360114,41.91265554331616
9.878604246698012,42.81896333132208
,
10.301222506360114,41.91265554331616
,
6.761892206648946,14.500924583820868
7.184510469564506,15.407232370309673
7.607128732480065,16.313540156798478
8.029746995395625,17.21984794328728
8.452365258311184,18.126155729776084
8.874983521226744,19.032463516264887
9.297601784142303,19.93877130275369
9.720220047057863,20.845079089242493
10.142838309973422,21.751386875731296
10.565456572888982,22.6576946622201
10.988074835804541,23.5640024487089
11.4106930987201,24.470310235197704
11.83331136163566,25.376618021686507
12.25592962455122,26.28292580817531
12.67854788746678,27.189233594664113
13.101166150382339,28.095541381152916
13.523784413297898,29.00184916764172
14.289828856929649,29.64463677671716
15.0558733005614,30.2874243857926
15.82191774419315,30.930211994868042
16.5879621878249,31.572999603943483
17.35400663145665,32.21578721301893
18.120051075088398,32.85857482209437
18.886095518720147,33.50136243116981
19.652139962351896,34.14415004024525
20.418184405983645,34.78693764932069
21.184228849615394,35.42972525839613
21.950273293247143,36.07251286747157
22.716317736878892,36.715300476547014
23.48236218051064,37.358088085622455
24.24840662414239,38.000875694697896
25.01445106777414,38.64366330377334
25.78049551140589,39.28645091284878
26.546539955037638,39.92923852192422
27.312584398669387,40.57202613099966
28.078628842301136,41.2148137400751
28.844673285932885,41.85760134915054
29.610717729564634,42.50038895822598
30.376762173196383,43.143176567301424
31.142806616828132,43.785964176376865
31.90885106045988,44.428751785452306
32.33146932337544,45.33505957194111
32.75408758629099,46.24136735842991
33.17670584920655,47.147675144918715
33.599324112122105,48.05398293140752
33.599324113917,49.05398293140752
33.599324115711894,50.05398293140752
33.17670585604979,50.960290719413436
,
33.17670585604979,50.960290719413436
,
33.17670585604979,50.960290719413436
32.75408759638769,51.866598507419354
32.754087598182586,52.866598507419354
,
32.75408759638769,51.866598507419354
,
33.599324115711894,50.05398293140752
33.59932411750679,51.05398293140752
,
33.59932411750679,51.05398293140752
,
33.59932411750679,51.05398293140752
33.599324119301684,52.05398293140752
34.02194238221724,52.96029071789632
,
33.599324119301684,52.05398293140752
,
33.599324115711894,50.05398293140752
33.59932411750679,51.05398293140752
33.599324119301684,52.05398293140752
34.02194238221724,52.96029071789632
34.444560645132796,53.866598504385124
34.86717890804835,54.77290629087393
,
34.86717890804835,54.77290629087393
,
34.86717890804835,54.77290629087393
35.28979717096391,55.67921407736273
36.05584161459566,56.32200168643817
,
35.28979717096391,55.67921407736273
,
33.599324119301684,52.05398293140752
33.17670585963958,52.960290719413436
,
33.17670585963958,52.960290719413436
,
33.17670585963958,52.960290719413436
32.75408759997748,53.866598507419354
32.754087601772376,54.866598507419354
,
32.75408759997748,53.866598507419354
,
33.599324112122105,48.05398293140752
34.02194237503766,48.96029071789632
34.44456063795322,49.866598504385124
34.44456063974811,50.866598504385124
,
34.44456063974811,50.866598504385124
,
34.44456063974811,50.866598504385124
34.444560641543006,51.866598504385124
34.86717890445856,52.77290629087393
,
34.444560641543006,51.866598504385124
,
34.44456063795322,49.866598504385124
34.86717890086877,50.77290629087393
,
34.86717890086877,50.77290629087393
,
34.86717890086877,50.77290629087393
35.28979716378433,51.67921407736273
36.05584160741608,52.32200168643817
,
35.28979716378433,51.67921407736273
,
34.44456063795322,49.866598504385124
34.86717890086877,50.77290629087393
35.28979716378433,51.67921407736273
36.05584160741608,52.32200168643817
36.82188605104783,52.96478929551361
37.587930494679576,53.60757690458905
,
37.587930494679576,53.60757690458905
,
37.587930494679576,53.60757690458905
38.353974938311325,54.25036451366449
39.31990076467782,54.50918355847806
,
38.353974938311325,54.25036451366449
,
35.28979716378433,51.67921407736273
35.28979716557922,52.67921407736273
,
35.28979716557922,52.67921407736273
,
35.28979716557922,52.67921407736273
35.28979716737412,53.67921407736273
35.712415430289674,54.58552186385153
,
35.28979716737412,53.67921407736273
,
33.599324112122105,48.05398293140752
34.02194237503766,48.96029071789632
34.44456063795322,49.866598504385124
34.86717890086877,50.77290629087393
35.28979716378433,51.67921407736273
36.05584160741608,52.32200168643817
36.82188605104783,52.96478929551361
37.587930494679576,53.60757690458905
38.353974938311325,54.25036451366449
39.120019381943074,54.893152122739934
39.88606382557482,55.535939731815375
40.30868208849038,56.44224751830418
,
40.30868208849038,56.44224751830418
,
40.30868208849038,56.44224751830418
40.731300351405935,57.34855530479298
41.497344795037684,57.99134291386842
,
40.731300351405935,57.34855530479298
,
39.88606382557482,55.535939731815375
40.65210826920657,56.178727340890816
,
40.65210826920657,56.178727340890816
,
40.65210826920657,56.178727340890816
41.41815271283832,56.82151494996626
42.384078539204815,57.08033399477982
,
41.41815271283832,56.82151494996626
,
39.88606382557482,55.535939731815375
40.65210826920657,56.178727340890816
41.41815271283832,56.82151494996626
42.384078539204815,57.08033399477982
43.35000436557131,57.339153039593384
44.3159301919378,57.59797208440695
,
44.3159301919378,57.59797208440695
,
44.3159301919378,57.59797208440695
45.281856018304296,57.85679112922051
46.26666377135113,57.683142951749986
,
45.281856018304296,57.85679112922051
,
41.41815271283832,56.82151494996626
41.84077097575388,57.72782273645506
,
41.84077097575388,57.72782273645506
,
41.84077097575388,57.72782273645506
42.26338923866943,58.63413052294386
43.02943368230118,59.276918132019304
,
42.26338923866943,58.63413052294386
,
35.28979716378433,51.67921407736273
35.28979716557922,52.67921407736273
35.28979716737412,53.67921407736273
34.86717890771202,54.58552186536865
,
34.86717890771202,54.58552186536865
,
34.86717890771202,54.58552186536865
34.444560648049915,55.491829653374566
34.44456064984481,56.491829653374566
,
34.444560648049915,55.491829653374566
,
35.28979716737412,53.67921407736273
35.28979716916901,54.67921407736273
,
35.28979716916901,54.67921407736273
,
35.28979716916901,54.67921407736273
35.28979717096391,55.67921407736273
35.712415433879464,56.58552186385153
,
35.28979717096391,55.67921407736273
,
35.28979716737412,53.67921407736273
35.28979716916901,54.67921407736273
35.28979717096391,55.67921407736273
35.712415433879464,56.58552186385153
36.13503369679502,57.491829650340335
36.557651959710576,58.39813743682914
,
36.557651959710576,58.39813743682914
,
36.557651959710576,58.39813743682914
36.98027022262613,59.30444522331794
37.74631466625788,59.94723283239338
,
36.98027022262613,59.30444522331794
,
35.28979717096391,55.67921407736273
34.86717891130181,56.58552186536865
,
34.86717891130181,56.58552186536865
,
34.86717891130181,56.58552186536865
34.444560651639705,57.491829653374566
34.4445606534346,58.491829653374566
,
34.444560651639705,57.491829653374566
,
31.90885106045988,44.428751785452306
32.67489550409163,45.07153939452775
33.44093994772338,45.71432700360319
34.20698439135513,46.35711461267863
34.97302883498688,46.99990222175407
35.39564709790243,47.90621000824287
35.81826536081799,48.812517794731676
35.818265362612884,49.812517794731676
,
35.818265362612884,49.812517794731676
,
35.818265362612884,49.812517794731676
35.81826536440778,50.812517794731676
36.240883627323335,51.71882558122048
,
35.81826536440778,50.812517794731676
,
35.81826536081799,48.812517794731676
36.240883623733545,49.71882558122048
,
36.240883623733545,49.71882558122048
,
36.240883623733545,49.71882558122048
36.6635018866491,50.62513336770928
37.42954633028085,51.26792097678472
,
36.6635018866491,50.62513336770928
,
35.81826536081799,48.812517794731676
36.240883623733545,49.71882558122048
36.6635018866491,50.62513336770928
37.42954633028085,51.26792097678472
38.1955907739126,51.910708585860164
38.96163521754435,52.553496194935605
,
38.96163521754435,52.553496194935605
,
38.96163521754435,52.553496194935605
39.7276796611761,53.196283804011046
40.69360548754259,53.45510284882461
,
39.7276796611761,53.196283804011046
,
36.6635018866491,50.62513336770928
36.663501888443996,51.62513336770928
,
36.663501888443996,51.62513336770928
,
36.663501888443996,51.62513336770928
36.66350189023889,52.62513336770928
37.08612015315445,53.531441154198085
,
36.66350189023889,52.62513336770928
,
34.97302883498688,46.99990222175407
35.739073278618626,47.64268983082951
36.505117722250375,48.28547743990495
36.92773598516593,49.191785226393755
,
36.92773598516593,49.191785226393755
,
36.92773598516593,49.191785226393755
37.35035424808149,50.09809301288256
38.116398691713236,50.740880621958
,
37.35035424808149,50.09809301288256
,
36.505117722250375,48.28547743990495
37.271162165882124,48.92826504898039
,
37.271162165882124,48.92826504898039
,
37.271162165882124,48.92826504898039
38.03720660951387,49.571052658055834
39.00313243588037,49.8298717028694
,
38.03720660951387,49.571052658055834
,
36.505117722250375,48.28547743990495
37.271162165882124,48.92826504898039
38.03720660951387,49.571052658055834
39.00313243588037,49.8298717028694
39.96905826224686,50.08869074768296
40.934984088613355,50.347509792496524
,
40.934984088613355,50.347509792496524
,
40.934984088613355,50.347509792496524
41.90090991497985,50.60632883731009
42.885717668026686,50.43268065983956
,
41.90090991497985,50.60632883731009
,
38.03720660951387,49.571052658055834
38.45982487242943,50.47736044454464
,
38.45982487242943,50.47736044454464
,
38.45982487242943,50.47736044454464
38.882443135344985,51.38366823103344
39.648487578976734,52.02645584010888
,
38.882443135344985,51.38366823103344
,
34.97302883498688,46.99990222175407
35.739073278618626,47.64268983082951
36.505117722250375,48.28547743990495
37.271162165882124,48.92826504898039
38.03720660951387,49.571052658055834
39.00313243588037,49.8298717028694
39.96905826224686,50.08869074768296
40.934984088613355,50.347509792496524
41.90090991497985,50.60632883731009
42.86683574134634,50.86514788212365
43.832761567712836,51.123966926937214
44.598806011344585,51.766754536012655
,
44.598806011344585,51.766754536012655
,
44.598806011344585,51.766754536012655
45.364850454976335,52.409542145088096
46.33077628134283,52.66836118990166
,
45.364850454976335,52.409542145088096
,
43.832761567712836,51.123966926937214
44.79868739407933,51.38278597175078
,
44.79868739407933,51.38278597175078
,
44.79868739407933,51.38278597175078
45.764613220445824,51.64160501656434
46.74942097349266,51.467956839093816
,
45.764613220445824,51.64160501656434
,
43.832761567712836,51.123966926937214
44.79868739407933,51.38278597175078
45.764613220445824,51.64160501656434
46.74942097349266,51.467956839093816
47.7342287265395,51.29430866162329
48.719036479586336,51.120660484152765
,
48.719036479586336,51.120660484152765
,
48.719036479586336,51.120660484152765
49.70384423263317,50.94701230668224
50.522996277322534,50.37343587090297
,
49.70384423263317,50.94701230668224
,
45.764613220445824,51.64160501656434
46.53065766407757,52.28439262563978
,
46.53065766407757,52.28439262563978
,
46.53065766407757,52.28439262563978
47.29670210770932,52.92718023471522
48.262627934075816,53.18599927952879
,
47.29670210770932,52.92718023471522
,
38.03720660951387,49.571052658055834
38.45982487242943,50.47736044454464
38.882443135344985,51.38366823103344
38.88244313713988,52.38366823103344
,
38.88244313713988,52.38366823103344
,
38.88244313713988,52.38366823103344
38.882443138934775,53.38366823103344
39.30506140185033,54.28997601752224
,
38.882443138934775,53.38366823103344
,
38.882443135344985,51.38366823103344
39.30506139826054,52.28997601752224
,
39.30506139826054,52.28997601752224
,
39.30506139826054,52.28997601752224
39.7276796611761,53.196283804011046
40.493724104807846,53.83907141308649
,
39.7276796611761,53.196283804011046
,
38.882443135344985,51.38366823103344
39.30506139826054,52.28997601752224
39.7276796611761,53.196283804011046
40.493724104807846,53.83907141308649
41.259768548439595,54.48185902216193
42.025812992071344,55.12464663123737
,
42.025812992071344,55.12464663123737
,
42.025812992071344,55.12464663123737
42.79185743570309,55.76743424031281
43.75778326206959,56.02625328512637
,
42.79185743570309,55.76743424031281
,
39.7276796611761,53.196283804011046
39.72767966297099,54.196283804011046
,
39.72767966297099,54.196283804011046
,
39.72767966297099,54.196283804011046
39.72767966476589,55.196283804011046
40.15029792768144,56.10259159049985
,
39.72767966476589,55.196283804011046
,
31.90885106045988,44.428751785452306
32.67489550409163,45.07153939452775
33.44093994772338,45.71432700360319
34.20698439135513,46.35711461267863
34.97302883498688,46.99990222175407
35.739073278618626,47.64268983082951
36.505117722250375,48.28547743990495
37.271162165882124,48.92826504898039
38.03720660951387,49.571052658055834
39.00313243588037,49.8298717028694
39.96905826224686,50.08869074768296
40.934984088613355,50.347509792496524
41.90090991497985,50.60632883731009
42.86683574134634,50.86514788212365
43.832761567712836,51.123966926937214
44.79868739407933,51.38278597175078
45.764613220445824,51.64160501656434
46.73053904681232,51.900424061377905
47.69646487317881,52.15924310619147
48.662390699545305,52.41806215100503
49.6283165259118,52.676881195818595
50.39436096954355,53.319668804894036
51.1604054131753,53.96245641396948
51.58302367609085,54.86876420045828
,
51.58302367609085,54.86876420045828
,
51.58302367609085,54.86876420045828
52.00564193900641,55.77507198694708
52.77168638263816,56.417859596022524
,
52.00564193900641,55.77507198694708
,
51.1604054131753,53.96245641396948
51.92644985680705,54.60524402304492
,
51.92644985680705,54.60524402304492
,
51.92644985680705,54.60524402304492
52.692494300438796,55.24803163212036
53.65842012680529,55.50685067693392
,
52.692494300438796,55.24803163212036
,
51.1604054131753,53.96245641396948
51.92644985680705,54.60524402304492
52.692494300438796,55.24803163212036
53.65842012680529,55.50685067693392
54.62434595317178,55.765669721747486
55.59027177953828,56.02448876656105
,
55.59027177953828,56.02448876656105
,
55.59027177953828,56.02448876656105
56.55619760590477,56.28330781137461
57.54100535895161,56.10965963390409
,
56.55619760590477,56.28330781137461
,
52.692494300438796,55.24803163212036
53.11511256335435,56.15433941860916
,
53.11511256335435,56.15433941860916
,
53.11511256335435,56.15433941860916
53.53773082626991,57.060647205097965
54.30377526990166,57.703434814173406
,
53.53773082626991,57.060647205097965
,
49.6283165259118,52.676881195818595
50.59424235227829,52.93570024063216
51.56016817864479,53.19451928544572
52.326212622276536,53.83730689452116
,
52.326212622276536,53.83730689452116
,
52.326212622276536,53.83730689452116
53.092257065908285,54.480094503596604
54.05818289227478,54.73891354841017
,
53.092257065908285,54.480094503596604
,
51.56016817864479,53.19451928544572
52.52609400501128,53.453338330259285
,
52.52609400501128,53.453338330259285
,
52.52609400501128,53.453338330259285
53.492019831377775,53.71215737507285
54.47682758442461,53.53850919760232
,
53.492019831377775,53.71215737507285
,
51.56016817864479,53.19451928544572
52.52609400501128,53.453338330259285
53.492019831377775,53.71215737507285
54.47682758442461,53.53850919760232
55.46163533747145,53.3648610201318
56.44644309051829,53.19121284266127
,
56.44644309051829,53.19121284266127
,
56.44644309051829,53.19121284266127
57.431250843565124,53.01756466519075
58.250402888254484,52.44398822941148
,
57.431250843565124,53.01756466519075
,
53.492019831377775,53.71215737507285
54.258064275009524,54.35494498414829
,
54.258064275009524,54.35494498414829
,
54.258064275009524,54.35494498414829
55.02410871864127,54.99773259322373
55.99003454500777,55.256551638037294
,
55.02410871864127,54.99773259322373
,
49.6283165259118,52.676881195818595
50.59424235227829,52.93570024063216
51.56016817864479,53.19451928544572
52.52609400501128,53.453338330259285
53.492019831377775,53.71215737507285
54.47682758442461,53.53850919760232
55.46163533747145,53.3648610201318
56.44644309051829,53.19121284266127
57.431250843565124,53.01756466519075
58.41605859661196,52.84391648772022
59.4008663496588,52.670268310249696
60.36679217602529,52.92908735506326
,
60.36679217602529,52.92908735506326
,
60.36679217602529,52.92908735506326
61.332718002391786,53.18790639987682
62.31752575543862,53.0142582224063
,
61.332718002391786,53.18790639987682
,
59.4008663496588,52.670268310249696
60.385674102705636,52.49662013277917
,
60.385674102705636,52.49662013277917
,
60.385674102705636,52.49662013277917
61.37048185575247,52.322971955308645
62.189633900441834,51.74939551952938
,
61.37048185575247,52.322971955308645
,
59.4008663496588,52.670268310249696
60.385674102705636,52.49662013277917
61.37048185575247,52.322971955308645
62.189633900441834,51.74939551952938
63.008785945131194,51.17581908375011
63.827937989820555,50.60224264797085
,
63.827937989820555,50.60224264797085
,
63.827937989820555,50.60224264797085
64.64709003450992,50.02866621219158
65.1470900355462,49.16264080900544
,
64.64709003450992,50.02866621219158
,
61.37048185575247,52.322971955308645
62.33640768211897,52.58179100012221
,
62.33640768211897,52.58179100012221
,
62.33640768211897,52.58179100012221
63.30233350848546,52.84061004493577
64.2871412615323,52.66696186746525
,
63.30233350848546,52.84061004493577
,
53.492019831377775,53.71215737507285
54.258064275009524,54.35494498414829
55.02410871864127,54.99773259322373
55.44672698155683,55.904040379712534
,
55.44672698155683,55.904040379712534
,
55.44672698155683,55.904040379712534
55.869345244472385,56.81034816620134
56.635389688104134,57.45313577527678
,
55.869345244472385,56.81034816620134
,
55.02410871864127,54.99773259322373
55.79015316227302,55.64052020229917
,
55.79015316227302,55.64052020229917
,
55.79015316227302,55.64052020229917
56.55619760590477,56.28330781137461
57.522123432271265,56.542126856188176
,
56.55619760590477,56.28330781137461
,
55.02410871864127,54.99773259322373
55.79015316227302,55.64052020229917
56.55619760590477,56.28330781137461
57.522123432271265,56.542126856188176
58.48804925863776,56.80094590100174
59.45397508500425,57.0597649458153
,
59.45397508500425,57.0597649458153
,
59.45397508500425,57.0597649458153
60.419900911370746,57.318583990628866
61.40470866441758,57.14493581315834
,
60.419900911370746,57.318583990628866
,
56.55619760590477,56.28330781137461
56.97881586882033,57.189615597863416
,
56.97881586882033,57.189615597863416
,
56.97881586882033,57.189615597863416
57.40143413173588,58.09592338435222
58.16747857536763,58.73871099342766
,
57.40143413173588,58.09592338435222
,
38.03720660951387,49.571052658055834
38.45982487242943,50.47736044454464
38.882443135344985,51.38366823103344
39.30506139826054,52.28997601752224
39.7276796611761,53.196283804011046
39.72767966297099,54.196283804011046
39.72767966476589,55.196283804011046
39.305061405103785,56.102591592016964
,
39.305061405103785,56.102591592016964
,
39.305061405103785,56.102591592016964
38.882443145441684,57.00889938002288
38.88244314723658,58.00889938002288
,
38.882443145441684,57.00889938002288
,
39.72767966476589,55.196283804011046
39.72767966656078,56.196283804011046
,
39.72767966656078,56.196283804011046
,
39.72767966656078,56.196283804011046
39.72767966835568,57.196283804011046
40.15029793127123,58.10259159049985
,
39.72767966835568,57.196283804011046
,
39.72767966476589,55.196283804011046
39.72767966656078,56.196283804011046
39.72767966835568,57.196283804011046
40.15029793127123,58.10259159049985
40.57291619418679,59.00889937698865
40.995534457102345,59.915207163477454
,
40.995534457102345,59.915207163477454
,
40.995534457102345,59.915207163477454
41.4181527200179,60.82151494996626
42.18419716364965,61.4643025590417
,
41.4181527200179,60.82151494996626
,
39.72767966835568,57.196283804011046
39.305061408693575,58.102591592016964
,
39.305061408693575,58.102591592016964
,
39.305061408693575,58.102591592016964
38.882443149031474,59.00889938002288
38.88244315082637,60.00889938002288
,
38.882443149031474,59.00889938002288
,
39.7276796611761,53.196283804011046
40.15029792409165,54.10259159049985
40.57291618700721,55.00889937698865
40.572916188802104,56.00889937698865
,
40.572916188802104,56.00889937698865
,
40.572916188802104,56.00889937698865
40.572916190597,57.00889937698865
40.995534453512555,57.915207163477454
,
40.572916190597,57.00889937698865
,
40.57291618700721,55.00889937698865
40.995534449922765,55.915207163477454
,
40.995534449922765,55.915207163477454
,
40.995534449922765,55.915207163477454
41.41815271283832,56.82151494996626
42.18419715647007,57.4643025590417
,
41.41815271283832,56.82151494996626
,
40.57291618700721,55.00889937698865
40.995534449922765,55.915207163477454
41.41815271283832,56.82151494996626
42.18419715647007,57.4643025590417
42.95024160010182,58.10709016811714
43.71628604373357,58.74987777719258
,
43.71628604373357,58.74987777719258
,
43.71628604373357,58.74987777719258
44.48233048736532,59.39266538626802
45.44825631373181,59.651484431081585
,
44.48233048736532,59.39266538626802
,
41.41815271283832,56.82151494996626
41.418152714633216,57.82151494996626
,
41.418152714633216,57.82151494996626
,
41.418152714633216,57.82151494996626
41.41815271642811,58.82151494996626
41.84077097934367,59.72782273645506
,
41.41815271642811,58.82151494996626
,
39.7276796611761,53.196283804011046
40.15029792409165,54.10259159049985
40.57291618700721,55.00889937698865
40.995534449922765,55.915207163477454
41.41815271283832,56.82151494996626
42.18419715647007,57.4643025590417
42.95024160010182,58.10709016811714
43.71628604373357,58.74987777719258
44.48233048736532,59.39266538626802
45.248374930997066,60.03545299534346
46.014419374628815,60.6782406044189
46.43703763754437,61.584548390907706
,
46.43703763754437,61.584548390907706
,
46.43703763754437,61.584548390907706
46.85965590045993,62.49085617739651
47.625700344091676,63.13364378647195
,
46.85965590045993,62.49085617739651
,
46.014419374628815,60.6782406044189
46.780463818260564,61.321028213494344
,
46.780463818260564,61.321028213494344
,
46.780463818260564,61.321028213494344
47.54650826189231,61.963815822569785
48.51243408825881,62.22263486738335
,
47.54650826189231,61.963815822569785
,
46.014419374628815,60.6782406044189
46.780463818260564,61.321028213494344
47.54650826189231,61.963815822569785
48.51243408825881,62.22263486738335
49.4783599146253,62.48145391219691
50.444285740991795,62.740272957010475
,
50.444285740991795,62.740272957010475
,
50.444285740991795,62.740272957010475
51.41021156735829,62.99909200182404
52.395019320405126,62.82544382435351
,
51.41021156735829,62.99909200182404
,
47.54650826189231,61.963815822569785
47.96912652480787,62.87012360905859
,
47.96912652480787,62.87012360905859
,
47.96912652480787,62.87012360905859
48.391744787723425,63.77643139554739
49.157789231355174,64.41921900462283
,
48.391744787723425,63.77643139554739
,
41.41815271283832,56.82151494996626
41.418152714633216,57.82151494996626
41.41815271642811,58.82151494996626
40.99553445676601,59.727822737972176
,
40.99553445676601,59.727822737972176
,
40.99553445676601,59.727822737972176
40.57291619710391,60.634130525978094
40.5729161988988,61.634130525978094
,
40.57291619710391,60.634130525978094
,
41.41815271642811,58.82151494996626
41.418152718223006,59.82151494996626
,
41.418152718223006,59.82151494996626
,
41.418152718223006,59.82151494996626
41.4181527200179,60.82151494996626
41.840770982933456,61.72782273645506
,
41.4181527200179,60.82151494996626
,
41.41815271642811,58.82151494996626
41.418152718223006,59.82151494996626
41.4181527200179,60.82151494996626
41.840770982933456,61.72782273645506
42.26338924584901,62.63413052294386
42.68600750876457,63.540438309432666
,
42.68600750876457,63.540438309432666
,
42.68600750876457,63.540438309432666
43.108625771680124,64.44674609592147
43.87467021531187,65.08953370499691
,
43.108625771680124,64.44674609592147
,
41.4181527200179,60.82151494996626
40.9955344603558,61.727822737972176
,
40.9955344603558,61.727822737972176
,
40.9955344603558,61.727822737972176
40.5729162006937,62.634130525978094
40.57291620248859,63.634130525978094
,
40.5729162006937,62.634130525978094
,
13.523784413297898,29.00184916764172
13.523784415092795,30.00184916764172
13.523784416887692,31.00184916764172
13.523784418682588,32.00184916764172
13.523784420477485,33.00184916764172
13.523784422272382,34.00184916764172
13.523784424067278,35.00184916764172
13.523784425862175,36.00184916764172
13.523784427657072,37.00184916764172
13.10116616799497,37.90815695564764
12.678547908332868,38.81446474365356
12.255929648670767,39.72077253165948
11.833311389008665,40.627080319665396
11.06726694768439,41.26986793149078
10.301222506360114,41.91265554331616
9.335296680922728,42.1714745915972
,
9.335296680922728,42.1714745915972
,
9.335296680922728,42.1714745915972
8.369370855485341,42.43029363987824
7.6033264141610655,43.07308125170363
,
8.369370855485341,42.43029363987824
,
10.301222506360114,41.91265554331616
9.535178065035838,42.555443155141546
,
9.535178065035838,42.555443155141546
,
9.535178065035838,42.555443155141546
8.769133623711562,43.19823076696693
8.346515364049461,44.10453855497285
,
8.769133623711562,43.19823076696693
,
10.301222506360114,41.91265554331616
9.535178065035838,42.555443155141546
8.769133623711562,43.19823076696693
8.346515364049461,44.10453855497285
7.923897104387359,45.010846342978766
7.501278844725258,45.917154130984684
,
7.501278844725258,45.917154130984684
,
7.501278844725258,45.917154130984684
7.078660585063156,46.8234619189906
7.078660586858053,47.8234619189906
,
7.078660585063156,46.8234619189906
,
8.769133623711562,43.19823076696693
7.803207798274175,43.45704981524797
,
7.803207798274175,43.45704981524797
,
7.803207798274175,43.45704981524797
6.837281972836788,43.71586886352901
6.071237531512512,44.358656475354394
,
6.837281972836788,43.71586886352901
,
11.833311389008665,40.627080319665396
11.410693129346564,41.533388107671314
10.988074869684462,42.43969589567723
10.222030428360187,43.082483507502616
,
10.222030428360187,43.082483507502616
,
10.222030428360187,43.082483507502616
9.45598598703591,43.725271119328
9.03336772737381,44.63157890733392
,
9.45598598703591,43.725271119328
,
10.988074869684462,42.43969589567723
10.56545661002236,43.34600368368315
,
10.56545661002236,43.34600368368315
,
10.56545661002236,43.34600368368315
10.14283835036026,44.25231147168907
10.142838352155156,45.25231147168907
,
10.14283835036026,44.25231147168907
,
10.988074869684462,42.43969589567723
10.56545661002236,43.34600368368315
10.14283835036026,44.25231147168907
10.142838352155156,45.25231147168907
10.142838353950053,46.25231147168907
10.14283835574495,47.25231147168907
,
10.14283835574495,47.25231147168907
,
10.14283835574495,47.25231147168907
10.142838357539846,48.25231147168907
10.565456620455405,49.15861925817787
,
10.142838357539846,48.25231147168907
,
10.14283835036026,44.25231147168907
9.376793909035984,44.89509908351445
,
9.376793909035984,44.89509908351445
,
9.376793909035984,44.89509908351445
8.610749467711708,45.537886695339836
8.188131208049606,46.444194483345754
,
8.610749467711708,45.537886695339836
,
11.833311389008665,40.627080319665396
11.410693129346564,41.533388107671314
10.988074869684462,42.43969589567723
10.56545661002236,43.34600368368315
10.14283835036026,44.25231147168907
10.142838352155156,45.25231147168907
10.142838353950053,46.25231147168907
10.14283835574495,47.25231147168907
10.142838357539846,48.25231147168907
10.142838359334743,49.25231147168907
10.14283836112964,50.25231147168907
9.720220101467538,51.15861925969499
,
9.720220101467538,51.15861925969499
,
9.720220101467538,51.15861925969499
9.297601841805436,52.064927047700905
9.297601843600333,53.064927047700905
,
9.297601841805436,52.064927047700905
,
10.14283836112964,50.25231147168907
10.142838362924536,51.25231147168907
,
10.142838362924536,51.25231147168907
,
10.142838362924536,51.25231147168907
10.142838364719433,52.25231147168907
10.565456627634992,53.15861925817787
,
10.142838364719433,52.25231147168907
,
10.14283836112964,50.25231147168907
10.142838362924536,51.25231147168907
10.142838364719433,52.25231147168907
10.565456627634992,53.15861925817787
10.988074890550552,54.064927044666675
11.410693153466111,54.97123483115548
,
11.410693153466111,54.97123483115548
,
11.410693153466111,54.97123483115548
11.83331141638167,55.87754261764428
12.599355860013421,56.52033022671972
,
11.83331141638167,55.87754261764428
,
10.142838364719433,52.25231147168907
9.720220105057331,53.15861925969499
,
9.720220105057331,53.15861925969499
,
9.720220105057331,53.15861925969499
9.29760184539523,54.064927047700905
9.297601847190126,55.064927047700905
,
9.29760184539523,54.064927047700905
,
10.14283835036026,44.25231147168907
9.376793909035984,44.89509908351445
8.610749467711708,45.537886695339836
7.6448236422743205,45.796705743620876
,
7.6448236422743205,45.796705743620876
,
7.6448236422743205,45.796705743620876
6.678897816836933,46.05552479190192
5.9128533755126575,46.6983124037273
,
6.678897816836933,46.05552479190192
,
8.610749467711708,45.537886695339836
7.844705026387432,46.18067430716522
,
7.844705026387432,46.18067430716522
,
7.844705026387432,46.18067430716522
7.078660585063156,46.8234619189906
6.656042325401055,47.72976970699652
,
7.078660585063156,46.8234619189906
,
8.610749467711708,45.537886695339836
7.844705026387432,46.18067430716522
7.078660585063156,46.8234619189906
6.656042325401055,47.72976970699652
6.233424065738953,48.63607749500244
5.810805806076852,49.54238528300836
,
5.810805806076852,49.54238528300836
,
5.810805806076852,49.54238528300836
5.38818754641475,50.448693071014276
5.388187548209647,51.448693071014276
,
5.38818754641475,50.448693071014276
,
7.078660585063156,46.8234619189906
6.112734759625769,47.08228096727164
,
6.112734759625769,47.08228096727164
,
6.112734759625769,47.08228096727164
5.146808934188382,47.34110001555268
4.380764492864106,47.98388762737807
,
5.146808934188382,47.34110001555268
,
13.523784427657072,37.00184916764172
13.523784429451968,38.00184916764172
13.523784431246865,39.00184916764172
13.523784433041762,40.00184916764172
13.523784434836658,41.00184916764172
13.101166175174557,41.90815695564764
12.678547915512455,42.81446474365356
11.91250347418818,43.45725235547894
,
11.91250347418818,43.45725235547894
,
11.91250347418818,43.45725235547894
11.146459032863904,44.100039967304326
10.723840773201802,45.006347755310244
,
11.146459032863904,44.100039967304326
,
12.678547915512455,42.81446474365356
12.255929655850354,43.72077253165948
,
12.255929655850354,43.72077253165948
,
12.255929655850354,43.72077253165948
11.833311396188252,44.627080319665396
11.833311397983149,45.627080319665396
,
11.833311396188252,44.627080319665396
,
12.678547915512455,42.81446474365356
12.255929655850354,43.72077253165948
11.833311396188252,44.627080319665396
11.833311397983149,45.627080319665396
11.833311399778045,46.627080319665396
11.833311401572942,47.627080319665396
,
11.833311401572942,47.627080319665396
,
11.833311401572942,47.627080319665396
11.833311403367839,48.627080319665396
12.255929666283398,49.5333881061542
,
11.833311403367839,48.627080319665396
,
11.833311396188252,44.627080319665396
11.067266954863976,45.26986793149078
,
11.067266954863976,45.26986793149078
,
11.067266954863976,45.26986793149078
10.3012225135397,45.91265554331616
9.878604253877599,46.81896333132208
,
10.3012225135397,45.91265554331616
,
13.523784434836658,41.00184916764172
13.523784436631555,42.00184916764172
13.523784438426452,43.00184916764172
13.10116617876435,43.90815695564764
,
13.10116617876435,43.90815695564764
,
13.10116617876435,43.90815695564764
12.678547919102249,44.81446474365356
12.678547920897145,45.81446474365356
,
12.678547919102249,44.81446474365356
,
13.523784438426452,43.00184916764172
13.523784440221348,44.00184916764172
,
13.523784440221348,44.00184916764172
,
13.523784440221348,44.00184916764172
13.523784442016245,45.00184916764172
13.946402704931804,45.908156954130526
,
13.523784442016245,45.00184916764172
,
13.523784438426452,43.00184916764172
13.523784440221348,44.00184916764172
13.523784442016245,45.00184916764172
13.946402704931804,45.908156954130526
14.369020967847364,46.81446474061933
14.791639230762923,47.72077252710813
,
14.791639230762923,47.72077252710813
,
14.791639230762923,47.72077252710813
15.214257493678483,48.627080313596935
15.980301937310234,49.269867922672375
,
15.214257493678483,48.627080313596935
,
13.523784442016245,45.00184916764172
13.101166182354143,45.90815695564764
,
13.101166182354143,45.90815695564764
,
13.101166182354143,45.90815695564764
12.678547922692042,46.81446474365356
12.678547924486939,47.81446474365356
,
12.678547922692042,46.81446474365356
,
13.523784434836658,41.00184916764172
13.523784436631555,42.00184916764172
13.523784438426452,43.00184916764172
13.523784440221348,44.00184916764172
13.523784442016245,45.00184916764172
13.946402704931804,45.908156954130526
14.369020967847364,46.81446474061933
14.791639230762923,47.72077252710813
15.214257493678483,48.627080313596935
15.636875756594042,49.53338810008574
16.0594940195096,50.43969588657454
16.059494021304495,51.43969588657454
,
16.059494021304495,51.43969588657454
,
16.059494021304495,51.43969588657454
16.05949402309939,52.43969588657454
16.48211228601495,53.34600367306334
,
16.05949402309939,52.43969588657454
,
16.0594940195096,50.43969588657454
16.48211228242516,51.34600367306334
,
16.48211228242516,51.34600367306334
,
16.48211228242516,51.34600367306334
16.90473054534072,52.252311459552146
17.670774988972468,52.89509906862759
,
16.90473054534072,52.252311459552146
,
16.0594940195096,50.43969588657454
16.48211228242516,51.34600367306334
16.90473054534072,52.252311459552146
17.670774988972468,52.89509906862759
18.436819432604217,53.53788667770303
19.202863876235966,54.18067428677847
,
19.202863876235966,54.18067428677847
,
19.202863876235966,54.18067428677847
19.968908319867715,54.82346189585391
20.93483414623421,55.082280940667474
,
19.968908319867715,54.82346189585391
,
16.90473054534072,52.252311459552146
16.904730547135614,53.252311459552146
,
16.904730547135614,53.252311459552146
,
16.904730547135614,53.252311459552146
16.90473054893051,54.252311459552146
17.32734881184607,55.15861924604095
,
16.90473054893051,54.252311459552146
,
13.523784442016245,45.00184916764172
13.101166182354143,45.90815695564764
12.678547922692042,46.81446474365356
11.912503481367766,47.45725235547894
,
11.912503481367766,47.45725235547894
,
11.912503481367766,47.45725235547894
11.14645904004349,48.100039967304326
10.723840780381389,49.006347755310244
,
11.14645904004349,48.100039967304326
,
12.678547922692042,46.81446474365356
12.25592966302994,47.72077253165948
,
12.25592966302994,47.72077253165948
,
12.25592966302994,47.72077253165948
11.833311403367839,48.627080319665396
11.833311405162735,49.627080319665396
,
11.833311403367839,48.627080319665396
,
12.678547922692042,46.81446474365356
12.25592966302994,47.72077253165948
11.833311403367839,48.627080319665396
11.833311405162735,49.627080319665396
11.833311406957632,50.627080319665396
11.833311408752529,51.627080319665396
,
11.833311408752529,51.627080319665396
,
11.833311408752529,51.627080319665396
11.833311410547426,52.627080319665396
12.255929673462985,53.5333881061542
,
11.833311410547426,52.627080319665396
,
11.833311403367839,48.627080319665396
11.067266962043563,49.26986793149078
,
11.067266962043563,49.26986793149078
,
11.067266962043563,49.26986793149078
10.301222520719287,49.91265554331616
9.878604261057186,50.81896333132208
,
10.301222520719287,49.91265554331616
,
13.523784427657072,37.00184916764172
13.523784429451968,38.00184916764172
13.523784431246865,39.00184916764172
13.523784433041762,40.00184916764172
13.523784434836658,41.00184916764172
13.523784436631555,42.00184916764172
13.523784438426452,43.00184916764172
13.523784440221348,44.00184916764172
13.523784442016245,45.00184916764172
13.946402704931804,45.908156954130526
14.369020967847364,46.81446474061933
14.791639230762923,47.72077252710813
15.214257493678483,48.627080313596935
15.636875756594042,49.53338810008574
16.0594940195096,50.43969588657454
16.48211228242516,51.34600367306334
16.90473054534072,52.252311459552146
17.32734880825628,53.15861924604095
17.749967071171838,54.06492703252975
18.172585334087398,54.971234819018555
18.595203597002957,55.87754260550736
18.595203598797852,56.87754260550736
18.595203600592747,57.87754260550736
18.172585340930645,58.783850393513276
,
18.172585340930645,58.783850393513276
,
18.172585340930645,58.783850393513276
17.749967081268544,59.690158181519195
17.74996708306344,60.690158181519195
,
17.749967081268544,59.690158181519195
,
18.595203600592747,57.87754260550736
18.59520360238764,58.87754260550736
,
18.59520360238764,58.87754260550736
,
18.59520360238764,58.87754260550736
18.595203604182537,59.87754260550736
19.017821867098096,60.78385039199616
,
18.595203604182537,59.87754260550736
,
18.595203600592747,57.87754260550736
18.59520360238764,58.87754260550736
18.595203604182537,59.87754260550736
19.017821867098096,60.78385039199616
19.440440130013656,61.690158178484964
19.863058392929215,62.59646596497377
,
19.863058392929215,62.59646596497377
,
19.863058392929215,62.59646596497377
20.285676655844775,63.50277375146257
21.051721099476524,64.14556136053801
,
20.285676655844775,63.50277375146257
,
18.595203604182537,59.87754260550736
18.172585344520435,60.783850393513276
,
18.172585344520435,60.783850393513276
,
18.172585344520435,60.783850393513276
17.749967084858334,61.690158181519195
17.74996708665323,62.690158181519195
,
17.749967084858334,61.690158181519195
,
18.595203597002957,55.87754260550736
19.017821859918516,56.78385039199616
19.440440122834076,57.690158178484964
19.44044012462897,58.690158178484964
,
19.44044012462897,58.690158178484964
,
19.44044012462897,58.690158178484964
19.440440126423866,59.690158178484964
19.863058389339425,60.59646596497377
,
19.440440126423866,59.690158178484964
,
19.440440122834076,57.690158178484964
19.863058385749635,58.59646596497377
,
19.863058385749635,58.59646596497377
,
19.863058385749635,58.59646596497377
20.285676648665195,59.50277375146257
21.051721092296944,60.14556136053801
,
20.285676648665195,59.50277375146257
,
19.440440122834076,57.690158178484964
19.863058385749635,58.59646596497377
20.285676648665195,59.50277375146257
21.051721092296944,60.14556136053801
21.817765535928693,60.78834896961345
22.583809979560442,61.43113657868889
,
22.583809979560442,61.43113657868889
,
22.583809979560442,61.43113657868889
23.34985442319219,62.073924187764334
24.315780249558685,62.3327432325779
,
23.34985442319219,62.073924187764334
,
20.285676648665195,59.50277375146257
20.28567665046009,60.50277375146257
,
20.28567665046009,60.50277375146257
,
20.28567665046009,60.50277375146257
20.285676652254985,61.50277375146257
20.708294915170544,62.40908153795137
,
20.285676652254985,61.50277375146257
,
18.595203597002957,55.87754260550736
19.017821859918516,56.78385039199616
19.440440122834076,57.690158178484964
19.863058385749635,58.59646596497377
20.285676648665195,59.50277375146257
21.051721092296944,60.14556136053801
21.817765535928693,60.78834896961345
22.583809979560442,61.43113657868889
23.34985442319219,62.073924187764334
24.11589886682394,62.716711796839775
24.88194331045569,63.359499405915216
25.30456157337125,64.26580719240403
,
25.30456157337125,64.26580719240403
,
25.30456157337125,64.26580719240403
25.72717983628681,65.17211497889284
26.493224279918557,65.81490258796828
,
25.72717983628681,65.17211497889284
,
24.88194331045569,63.359499405915216
25.64798775408744,64.00228701499066
,
25.64798775408744,64.00228701499066
,
25.64798775408744,64.00228701499066
26.414032197719187,64.6450746240661
27.37995802408568,64.90389366887966
,
26.414032197719187,64.6450746240661
,
24.88194331045569,63.359499405915216
25.64798775408744,64.00228701499066
26.414032197719187,64.6450746240661
27.37995802408568,64.90389366887966
28.345883850452175,65.16271271369322
29.31180967681867,65.42153175850679
,
29.31180967681867,65.42153175850679
,
29.31180967681867,65.42153175850679
30.277735503185163,65.68035080332035
31.262543256232004,65.50670262584983
,
30.277735503185163,65.68035080332035
,
26.414032197719187,64.6450746240661
26.836650460634747,65.55138241055491
,
26.836650460634747,65.55138241055491
,
26.836650460634747,65.55138241055491
27.259268723550306,66.45769019704372
28.025313167182055,67.10047780611916
,
27.259268723550306,66.45769019704372
,
20.285676648665195,59.50277375146257
20.28567665046009,60.50277375146257
20.285676652254985,61.50277375146257
19.863058392592883,62.40908153946849
,
19.863058392592883,62.40908153946849
,
19.863058392592883,62.40908153946849
19.44044013293078,63.315389327474406
19.440440134725677,64.3153893274744
,
19.44044013293078,63.315389327474406
,
20.285676652254985,61.50277375146257
20.28567665404988,62.50277375146257
,
20.28567665404988,62.50277375146257
,
20.28567665404988,62.50277375146257
20.285676655844775,63.50277375146257
20.708294918760334,64.40908153795138
,
20.285676655844775,63.50277375146257
,
20.285676652254985,61.50277375146257
20.28567665404988,62.50277375146257
20.285676655844775,63.50277375146257
20.708294918760334,64.40908153795138
21.130913181675893,65.31538932444019
21.553531444591453,66.221697110929
,
21.553531444591453,66.221697110929
,
21.553531444591453,66.221697110929
21.976149707507012,67.12800489741781
22.74219415113876,67.77079250649325
,
21.976149707507012,67.12800489741781
,
20.285676655844775,63.50277375146257
19.863058396182673,64.40908153946849
,
19.863058396182673,64.40908153946849
,
19.863058396182673,64.40908153946849
19.44044013652057,65.3153893274744
19.440440138315466,66.3153893274744
,
19.44044013652057,65.3153893274744
,
13.523784442016245,45.00184916764172
13.101166182354143,45.90815695564764
12.678547922692042,46.81446474365356
12.25592966302994,47.72077253165948
11.833311403367839,48.627080319665396
11.067266962043563,49.26986793149078
10.301222520719287,49.91265554331616
9.335296695281901,50.1714745915972
,
9.335296695281901,50.1714745915972
,
9.335296695281901,50.1714745915972
8.369370869844515,50.43029363987824
7.603326428520239,51.07308125170363
,
8.369370869844515,50.43029363987824
,
10.301222520719287,49.91265554331616
9.535178079395012,50.555443155141546
,
9.535178079395012,50.555443155141546
,
9.535178079395012,50.555443155141546
8.769133638070736,51.19823076696693
8.346515378408634,52.10453855497285
,
8.769133638070736,51.19823076696693
,
10.301222520719287,49.91265554331616
9.535178079395012,50.555443155141546
8.769133638070736,51.19823076696693
8.346515378408634,52.10453855497285
7.923897118746533,53.010846342978766
7.501278859084431,53.917154130984684
,
7.501278859084431,53.917154130984684
,
7.501278859084431,53.917154130984684
7.07866059942233,54.8234619189906
7.078660601217226,55.8234619189906
,
7.07866059942233,54.8234619189906
,
8.769133638070736,51.19823076696693
7.803207812633349,51.45704981524797
,
7.803207812633349,51.45704981524797
,
7.803207812633349,51.45704981524797
6.837281987195961,51.71586886352901
6.071237545871686,52.358656475354394
,
6.837281987195961,51.71586886352901
,
11.833311403367839,48.627080319665396
11.410693143705737,49.533388107671314
10.988074884043636,50.43969589567723
10.22203044271936,51.082483507502616
,
10.22203044271936,51.082483507502616
,
10.22203044271936,51.082483507502616
9.455986001395084,51.725271119328
9.033367741732983,52.63157890733392
,
9.455986001395084,51.725271119328
,
10.988074884043636,50.43969589567723
10.565456624381534,51.34600368368315
,
10.565456624381534,51.34600368368315
,
10.565456624381534,51.34600368368315
10.142838364719433,52.25231147168907
10.14283836651433,53.25231147168907
,
10.142838364719433,52.25231147168907
,
10.988074884043636,50.43969589567723
10.565456624381534,51.34600368368315
10.142838364719433,52.25231147168907
10.14283836651433,53.25231147168907
10.142838368309226,54.25231147168907
10.142838370104123,55.25231147168907
,
10.142838370104123,55.25231147168907
,
10.142838370104123,55.25231147168907
10.14283837189902,56.25231147168907
10.565456634814579,57.15861925817787
,
10.14283837189902,56.25231147168907
,
10.142838364719433,52.25231147168907
9.376793923395157,52.89509908351445
,
9.376793923395157,52.89509908351445
,
9.376793923395157,52.89509908351445
8.610749482070881,53.537886695339836
8.18813122240878,54.444194483345754
,
8.610749482070881,53.537886695339836
,
11.833311403367839,48.627080319665396
11.410693143705737,49.533388107671314
10.988074884043636,50.43969589567723
10.565456624381534,51.34600368368315
10.142838364719433,52.25231147168907
10.14283836651433,53.25231147168907
10.142838368309226,54.25231147168907
10.142838370104123,55.25231147168907
10.14283837189902,56.25231147168907
10.142838373693916,57.25231147168907
10.142838375488813,58.25231147168907
9.720220115826711,59.15861925969499
,
9.720220115826711,59.15861925969499
,
9.720220115826711,59.15861925969499
9.29760185616461,60.064927047700905
9.297601857959506,61.064927047700905
,
9.29760185616461,60.064927047700905
,
10.142838375488813,58.25231147168907
10.14283837728371,59.25231147168907
,
10.14283837728371,59.25231147168907
,
10.14283837728371,59.25231147168907
10.142838379078606,60.25231147168907
10.565456641994166,61.15861925817787
,
10.142838379078606,60.25231147168907
,
10.142838375488813,58.25231147168907
10.14283837728371,59.25231147168907
10.142838379078606,60.25231147168907
10.565456641994166,61.15861925817787
10.988074904909725,62.064927044666675
11.410693167825285,62.97123483115548
,
11.410693167825285,62.97123483115548
,
11.410693167825285,62.97123483115548
11.833311430740844,63.87754261764428
12.599355874372595,64.52033022671972
,
11.833311430740844,63.87754261764428
,
10.142838379078606,60.25231147168907
9.720220119416505,61.15861925969499
,
9.720220119416505,61.15861925969499
,
9.720220119416505,61.15861925969499
9.297601859754403,62.064927047700905
9.2976018615493,63.064927047700905
,
9.297601859754403,62.064927047700905
,
10.142838364719433,52.25231147168907
9.376793923395157,52.89509908351445
8.610749482070881,53.537886695339836
7.644823656633494,53.796705743620876
,
7.644823656633494,53.796705743620876
,
7.644823656633494,53.796705743620876
6.678897831196107,54.05552479190192
5.912853389871831,54.6983124037273
,
6.678897831196107,54.05552479190192
,
8.610749482070881,53.537886695339836
7.8447050407466055,54.18067430716522
,
7.8447050407466055,54.18067430716522
,
7.8447050407466055,54.18067430716522
7.07866059942233,54.8234619189906
6.656042339760228,55.72976970699652
,
7.07866059942233,54.8234619189906
,
8.610749482070881,53.537886695339836
7.8447050407466055,54.18067430716522
7.07866059942233,54.8234619189906
6.656042339760228,55.72976970699652
6.233424080098127,56.63607749500244
5.810805820436025,57.54238528300836
,
5.810805820436025,57.54238528300836
,
5.810805820436025,57.54238528300836
5.388187560773924,58.448693071014276
5.38818756256882,59.448693071014276
,
5.388187560773924,58.448693071014276
,
7.07866059942233,54.8234619189906
6.1127347739849425,55.08228096727164
,
6.1127347739849425,55.08228096727164
,
6.1127347739849425,55.08228096727164
5.146808948547555,55.34110001555268
4.3807645072232795,55.98388762737807
,
5.146808948547555,55.34110001555268
